0,1,2
WSN,5,Final
NYM,4,
