0,1,2
TOR,3,Final
LAD,16,
