0,1,2
CHC,6,Final
FLA,7,
