0,1,2
TBD,2,Final
BAL,6,
