0,1,2
PHI,2,Final
ATL,1,
