0,1,2
FLA,1,Final
HOU,6,
