0,1,2
TBD,7,Final
BAL,9,
