Rk,Name,Age,Tm,G,GS,CG,Inn,Ch,PO,A,E,DP,Fld%,Rtot,Rtot/yr,Rdrs,Rdrs/yr,Rgood,RF/9,RF/G,Pos Summary
1,Alfredo Aceves,30,BOS,11,6,0,37.0,11,2,7,2,0,.818,,,-1,-5,-1,2.19,0.82,P
2,Dustin Ackley,25,SEA,111,103,92,950.0,379,226,152,1,31,.997,9,12,-9,-11,-2,3.58,3.20,OF-2B-1B
3,David Adams,26,NYY,42,38,30,340.0,133,56,76,1,12,.992,1,4,1,4,1,3.49,3.00,3B-2B-1B
4,Jim Adduci,28,TEX,10,7,2,62.0,23,22,0,1,3,.957,0,6,0,0,-1,3.19,1.83,OF-1B
5,Andrew Albers,27,MIN,10,10,1,60.0,13,4,9,0,1,1.000,,,1,3,0,1.95,1.30,P
6,Matt Albers,30,CLE,56,0,0,63.0,16,4,11,1,1,.938,,,1,3,0,2.14,0.27,P
7,Al Alburquerque,27,DET,53,0,0,49.0,7,4,2,1,0,.857,,,-3,-12,-1,1.10,0.11,P
8,Cody Allen,24,CLE,77,0,0,70.1,8,0,5,3,0,.625,,,-3,-9,0,0.64,0.06,P
9,Abraham Almonte,24,SEA,23,18,16,167.2,38,33,1,4,0,.895,-1,-9,-2,-14,-1,1.83,1.48,OF
10,Zoilo Almonte,24,NYY,28,27,25,239.0,56,56,0,0,0,1.000,3,16,0,0,0,2.11,2.00,OF
11,José Altuve,23,HOU,145,145,137,1261.2,675,273,393,9,114,.987,-4,-4,-2,-2,1,4.75,4.59,2B
12,José Álvarez,24,DET,14,6,0,38.2,3,0,3,0,0,1.000,,,0,0,0,0.70,0.21,P
13,Héctor Ambriz,29,HOU,43,0,0,36.1,10,1,9,0,1,1.000,,,0,0,0,2.48,0.23,P
14,Brett Anderson,25,OAK,16,5,0,44.2,4,0,4,0,0,1.000,,,-2,-9,0,0.81,0.25,P
15,Bryan Anderson,26,CHW,10,6,4,54.1,52,49,2,1,0,.981,-2,-44,-2,-44,0,8.45,5.10,C
16,Robert Andino,29,SEA,28,22,18,202.1,91,28,61,2,17,.978,-3,-15,-2,-12,1,3.96,2.97,SS-2B-3B
17,Elvis Andrus,24,TEX,146,145,138,1288.2,588,212,362,14,97,.976,2,2,2,2,1,4.01,3.93,SS
18,Rick Ankiel,33,HOU,22,16,14,154.2,47,42,3,2,0,.957,-6,-47,-1,-7,1,2.62,2.05,OF
19,Chris Archer,24,TBR,23,23,2,128.2,21,6,13,2,1,.905,,,-1,-2,0,1.33,0.83,P
20,Oswaldo Arcia,22,MIN,83,82,70,712.1,174,167,5,2,2,.989,-1,-1,-17,-28,-2,2.17,2.07,OF
21,J.P. Arencibia,27,TOR,131,115,109,1058.2,951,891,49,11,6,.988,-3,-3,7,8,0,7.99,7.18,C
22,Jake Arrieta,27,BAL,5,5,0,23.2,4,1,3,0,0,1.000,,,0,0,0,1.52,0.80,P
23,Jairo Asencio,30,BAL,4,0,0,2.1,1,0,1,0,0,1.000,,,-1,-86,-1,3.86,0.25,P
24,Alex Avila,26,DET,98,96,87,836.2,850,815,29,6,4,.993,-9,-13,-3,-4,-1,9.08,8.61,C
25,Mike Aviles,32,CLE,114,87,78,844.1,318,110,200,8,37,.975,4,5,-3,-4,0,3.30,2.61,3B-SS-2B-OF
Rk,Name,Age,Tm,G,GS,CG,Inn,Ch,PO,A,E,DP,Fld%,Rtot,Rtot/yr,Rdrs,Rdrs/yr,Rgood,RF/9,RF/G,Pos Summary
26,Dylan Axelrod,27,CHW,30,20,0,128.1,26,13,12,1,1,.962,,,-2,-3,0,1.75,0.83,P
27,Luis Ayala,35,BAL,2,0,0,2.0,2,0,2,0,0,1.000,,,1,100,0,9.00,1.00,P
28,Erick Aybar,29,LAA,138,138,130,1203.0,560,217,328,15,78,.973,-15,-15,-14,-14,0,4.08,3.95,SS
29,Andrew Bailey,29,BOS,30,0,0,28.2,1,1,0,0,1,1.000,,,0,0,0,0.31,0.03,P
30,Jeff Baker,32,TEX,52,37,6,290.2,154,135,18,1,9,.994,-3,-12,-3,-12,-1,4.74,2.83,1B-OF-3B-2B
31,Grant Balfour,35,OAK,65,0,0,62.2,7,1,5,1,1,.857,,,0,0,0,0.86,0.09,P
32,Brandon Bantz,26,SEA,1,1,0,8.0,5,5,0,0,0,1.000,0,0,0,0,0,5.63,5.00,C
33,Daniel Bard,28,BOS,2,0,0,1.0,1,0,1,0,0,1.000,,,1,200,0,9.00,0.50,P
34,Brandon Barnes,27,HOU,134,115,98,1034.2,340,328,9,3,4,.991,-2,-2,5,5,0,2.93,2.51,OF
35,Scott Barnes,25,CLE,6,0,0,8.2,4,1,3,0,0,1.000,,,1,23,0,4.15,0.67,P
36,Daric Barton,27,OAK,36,30,26,267.2,256,232,23,1,25,.996,2,10,0,0,-1,8.57,7.08,1B
37,Trevor Bauer,22,CLE,4,4,0,17.0,4,2,2,0,0,1.000,,,0,0,0,2.12,1.00,P
38,José Bautista,32,TOR,111,111,104,989.1,209,195,9,5,4,.976,12,14,7,8,-1,1.86,1.81,OF-3B-1B
39,Jason Bay,34,SEA,61,50,41,481.1,105,103,2,0,0,1.000,1,2,0,0,0,1.96,1.72,OF
40,Pedro Beato,26,BOS,10,0,0,10.0,1,0,1,0,0,1.000,,,0,0,0,0.90,0.10,P
41,Blake Beavan,24,SEA,12,2,0,39.2,4,0,4,0,0,1.000,,,0,0,0,0.91,0.33,P
42,Gordon Beckham,26,CHW,103,100,91,890.1,481,214,255,12,69,.975,-7,-9,-6,-8,-2,4.74,4.47,2B-SS
43,Tim Beckham,23,TBR,4,1,0,14.0,5,0,5,0,0,1.000,0,-34,0,0,0,3.21,1.25,2B-SS
44,Érik Bédard,34,HOU,32,26,0,151.0,15,3,9,3,0,.800,,,-2,-3,0,0.72,0.38,P
45,Mike Belfiore,24,BAL,1,0,0,1.1,0,0,0,0,0,,,,0,0,,0.00,0.00,P
46,Jeff Beliveau,26,TBR,1,0,0,0.2,0,0,0,0,0,,,,0,0,,0.00,0.00,P
47,Adrián Beltré,34,TEX,146,146,137,1289.2,339,93,232,14,25,.959,3,2,-5,-5,1,2.27,2.23,3B
48,Engel Beltré,23,TEX,16,10,7,95.0,26,26,0,0,0,1.000,3,37,2,25,0,2.46,1.63,OF
49,Joaquín Benoit,35,DET,66,0,0,67.0,14,6,8,0,0,1.000,,,0,0,0,1.88,0.21,P
50,Lance Berkman,37,TEX,4,4,3,41.2,45,38,6,1,3,.978,1,26,0,0,0,9.50,11.00,1B
Rk,Name,Age,Tm,G,GS,CG,Inn,Ch,PO,A,E,DP,Fld%,Rtot,Rtot/yr,Rdrs,Rdrs/yr,Rgood,RF/9,RF/G,Pos Summary
51,Doug Bernier,33,MIN,30,14,12,150.0,68,18,50,0,9,1.000,1,7,3,24,0,4.08,2.19,SS-2B-3B
52,Quintin Berry,28,BOS,9,1,1,21.2,4,4,0,0,0,1.000,0,-22,0,0,0,1.66,0.44,OF
53,Dellin Betances,25,NYY,6,0,0,5.0,0,0,0,0,0,,,,0,0,0,0.00,0.00,P
54,Wilson Betemit,31,BAL,1,0,0,1.0,1,1,0,0,0,1.000,0,0,0,0,0,9.00,1.00,1B
55,Travis Blackley,30,TOT,46,3,0,50.1,15,3,12,0,0,1.000,,,3,72,0,2.68,0.33,P
56,Henry Blanco,41,TOT,47,42,33,368.0,351,331,17,3,4,.991,-2,-7,-11,-35,-2,8.51,7.40,C
57,Joe Blanton,32,LAA,28,20,0,132.2,24,12,10,2,2,.917,,,-3,-5,0,1.49,0.79,P
58,Jerry Blevins,29,OAK,67,0,0,60.0,6,0,4,2,0,.667,,,-1,-3,0,0.60,0.06,P
59,Brennan Boesch,28,NYY,15,12,9,103.1,30,28,1,1,1,.967,-2,-28,-1,-11,-1,2.53,1.93,OF
60,Xander Bogaerts,20,BOS,17,12,10,110.0,44,15,29,0,2,1.000,2,21,-1,-11,0,3.60,2.59,3B-SS
61,Jeremy Bonderman,30,TOT,18,7,0,55.0,9,4,4,1,1,.889,,,0,0,0,1.31,0.44,P
62,Emilio Bonifácio,28,TOT,128,110,93,1017.0,462,213,239,10,60,.978,-4,-5,0,0,0,4.00,3.35,2B-OF-3B-SS
63,Chris Bootcheck,34,NYY,1,0,0,1.0,0,0,0,0,0,,,,0,0,,0.00,0.00,P
64,Buddy Boshers,25,LAA,25,0,0,15.1,5,1,4,0,0,1.000,,,1,13,0,2.93,0.20,P
65,Jason Bourgeois,31,TBR,7,4,2,34.0,8,8,0,0,0,1.000,-1,-35,-2,-70,0,2.12,1.14,OF
66,Peter Bourjos,26,LAA,53,45,42,415.0,120,117,2,1,0,.992,-5,-14,0,0,1,2.58,2.25,OF
67,Michael Bourn,30,CLE,128,124,119,1098.1,281,272,6,3,2,.989,2,3,3,3,0,2.28,2.17,OF
68,Jackie Bradley Jr.,23,BOS,34,26,22,242.0,59,57,1,1,0,.983,-2,-10,-2,-9,0,2.16,1.71,OF
69,Michael Brantley,26,CLE,151,144,143,1297.1,268,257,11,0,1,1.000,-13,-12,6,5,4,1.86,1.77,OF
70,Ryan Brasier,25,LAA,7,0,0,9.0,1,0,1,0,0,1.000,,,0,0,0,1.00,0.14,P
71,Craig Breslow,32,BOS,61,0,0,59.2,14,5,9,0,2,1.000,,,2,7,0,2.11,0.23,P
72,Reid Brignac,27,NYY,17,12,11,112.1,44,17,27,0,7,1.000,-3,-36,-1,-11,1,3.53,2.59,SS
73,Drake Britton,24,BOS,18,0,0,21.0,3,0,3,0,1,1.000,,,0,0,0,1.29,0.17,P
74,Zack Britton,25,BAL,8,7,0,40.0,5,1,4,0,0,1.000,,,-2,-10,0,1.13,0.63,P
75,Clay Buchholz,28,BOS,16,16,1,108.1,32,17,13,2,1,.938,,,0,0,0,2.49,1.88,P
Rk,Name,Age,Tm,G,GS,CG,Inn,Ch,PO,A,E,DP,Fld%,Rtot,Rtot/yr,Rdrs,Rdrs/yr,Rgood,RF/9,RF/G,Pos Summary
76,Billy Buckner,29,LAA,7,2,0,17.1,1,0,1,0,0,1.000,,,0,0,0,0.52,0.14,P
77,Mark Buehrle,34,TOR,33,33,1,203.2,49,12,35,2,1,.959,,,4,4,1,2.08,1.42,P
78,Francisley Bueno,32,KCR,7,0,0,8.1,4,2,2,0,0,1.000,,,1,24,0,4.32,0.57,P
79,Alex Burnett,25,BAL,2,0,0,1.1,0,0,0,0,0,,,,0,0,,0.00,0.00,P
80,Sean Burnett,30,LAA,13,0,0,9.2,1,1,0,0,0,1.000,,,0,0,0,0.93,0.08,P
81,Cory Burns,25,TEX,10,0,0,11.1,1,0,0,1,0,.000,,,-2,-35,0,0.00,0.00,P
82,Jared Burton,32,MIN,71,0,0,66.0,17,6,10,1,0,.941,,,-3,-9,0,2.18,0.23,P
83,Dave Bush,33,TOR,1,0,0,3.0,0,0,0,0,0,,,,0,0,,0.00,0.00,P
84,Drew Butera,29,MIN,2,1,0,9.0,3,3,0,0,0,1.000,0,0,0,0,0,3.00,1.50,C
85,Billy Butler,27,KCR,7,7,1,53.0,56,56,0,0,4,1.000,1,20,0,0,0,9.51,8.00,1B
86,Joey Butler,27,TEX,5,3,0,21.0,3,3,0,0,0,1.000,-1,-57,1,57,0,1.29,0.60,OF
87,César Cabral,24,NYY,8,0,0,3.2,0,0,0,0,0,,,,0,0,,0.00,0.00,P
88,Asdrúbal Cabrera,27,CLE,129,127,115,1099.2,503,180,314,9,70,.982,1,1,-14,-15,0,4.04,3.83,SS
89,Melky Cabrera,28,TOR,77,76,49,620.2,130,126,3,1,0,.992,-5,-9,-4,-7,2,1.87,1.68,OF
90,Miguel Cabrera,30,DET,145,145,113,1234.2,283,87,184,12,24,.958,-17,-16,-17,-17,-1,1.98,1.87,3B
91,Lorenzo Cain,27,KCR,113,106,91,948.0,306,296,7,3,0,.990,16,20,23,29,2,2.88,2.68,OF
92,Kole Calhoun,25,LAA,58,49,47,457.2,168,152,8,8,6,.952,-4,-9,-7,-18,-4,3.15,2.67,OF-1B
93,Alberto Callaspo,30,TOT,123,116,104,1016.2,330,105,209,16,17,.952,-3,-4,-10,-11,0,2.78,2.51,3B-2B
94,Robinson Canó,30,NYY,153,153,145,1351.1,657,247,404,6,88,.991,3,2,-5,-4,2,4.34,4.23,2B-SS
95,Carter Capps,22,SEA,53,0,0,59.0,8,2,6,0,0,1.000,,,-2,-7,0,1.22,0.15,P
96,Mike Carp,27,BOS,70,56,21,461.2,245,231,12,2,19,.992,0,-1,-2,-5,-1,4.74,3.38,OF-1B
97,David Carpenter,25,LAA,1,0,0,0.1,0,0,0,0,0,,,,0,0,,0.00,0.00,P
98,Carlos Carrasco,26,CLE,15,7,0,46.2,12,3,7,2,0,.833,,,-1,-4,0,1.93,0.67,P
99,Ezequiel Carrera,26,CLE,1,1,1,9.0,0,0,0,0,0,,-1,-133,0,0,0,0.00,0.00,OF
100,Jamey Carroll,39,TOT,67,56,44,514.0,170,56,112,2,25,.988,-4,-9,1,2,0,2.94,2.43,3B-2B-SS-P
Rk,Name,Age,Tm,G,GS,CG,Inn,Ch,PO,A,E,DP,Fld%,Rtot,Rtot/yr,Rdrs,Rdrs/yr,Rgood,RF/9,RF/G,Pos Summary
101,Matt Carson,31,CLE,18,1,1,50.0,10,10,0,0,0,1.000,1,22,1,24,0,1.80,0.56,OF
102,Chris Carter,26,HOU,100,97,70,844.1,555,533,17,5,45,.991,-5,-8,-10,-14,-2,5.86,4.91,1B-OF
103,Alexi Casilla,28,BAL,53,31,28,302.2,170,70,100,0,22,1.000,2,7,3,12,1,5.06,3.21,2B-SS
104,Nick Castellanos,21,DET,9,4,2,38.2,5,5,0,0,0,1.000,0,6,-1,-31,0,1.16,0.56,OF
105,Jason Castro,26,HOU,98,95,89,827.1,679,630,44,5,6,.993,-4,-6,-5,-7,1,7.33,6.88,C
106,Simón Castro,25,CHW,4,0,0,6.2,0,0,0,0,0,,,,0,0,,0.00,0.00,P
107,Brett Cecil,26,TOR,60,0,0,60.2,3,0,3,0,0,1.000,,,-2,-7,0,0.45,0.05,P
108,Ronny Cedeño,30,HOU,42,37,34,331.2,190,65,114,11,30,.942,1,4,-4,-14,0,4.86,4.26,SS-1B
109,Xavier Cedeño,26,HOU,5,0,0,6.1,2,2,0,0,0,1.000,,,-1,-32,0,2.84,0.40,P
110,Francisco Cervelli,27,NYY,16,15,14,139.0,131,121,6,4,1,.969,1,9,2,17,0,8.22,7.06,C-2B
111,Yoenis Céspedes,27,OAK,108,107,95,934.1,238,224,10,4,1,.983,-6,-7,-1,-1,-4,2.25,2.17,OF
112,Joba Chamberlain,27,NYY,45,0,0,42.0,7,3,4,0,0,1.000,,,-1,-5,0,1.50,0.16,P
113,Kevin Chapman,25,HOU,25,0,0,20.1,2,0,2,0,0,1.000,,,0,0,0,0.89,0.08,P
114,Endy Chávez,35,SEA,82,59,48,572.2,157,149,4,4,2,.975,0,0,-3,-6,2,2.40,1.87,OF
115,Jesse Chavez,29,OAK,35,0,0,57.1,14,7,7,0,0,1.000,,,-1,-3,0,2.20,0.40,P
116,Bruce Chen,36,KCR,34,15,0,121.0,20,5,15,0,0,1.000,,,5,8,0,1.49,0.59,P
117,Wei-Yin Chen,27,BAL,23,23,0,137.0,20,4,16,0,3,1.000,,,4,6,0,1.31,0.87,P
118,Robinson Chirinos,29,TEX,10,7,5,62.0,51,45,5,1,2,.980,-1,-10,0,0,0,7.26,5.00,1B-C-3B
119,Lonnie Chisenhall,24,CLE,88,83,62,697.0,198,55,134,9,18,.955,1,2,-1,-2,2,2.44,2.15,3B
120,Michael Choice,23,OAK,7,3,2,41.0,10,10,0,0,0,1.000,2,47,1,29,0,2.20,1.43,OF
121,Pedro Ciriaco,27,TOT,25,14,12,155.0,63,27,29,7,8,.889,-7,-51,-5,-38,0,3.25,2.24,SS-3B-2B-1B
122,José Cisnero,24,HOU,28,0,0,43.2,7,4,3,0,0,1.000,,,0,0,0,1.44,0.25,P
123,Preston Claiborne,25,NYY,44,0,0,50.1,13,6,7,0,2,1.000,,,0,0,0,2.32,0.30,P
124,Cody Clark,31,HOU,16,10,8,102.0,99,87,11,1,2,.990,1,12,1,12,0,8.65,6.13,C
125,Zach Clark,29,BAL,1,0,0,1.2,0,0,0,0,0,,,,0,0,,0.00,0.00,P
Rk,Name,Age,Tm,G,GS,CG,Inn,Ch,PO,A,E,DP,Fld%,Rtot,Rtot/yr,Rdrs,Rdrs/yr,Rgood,RF/9,RF/G,Pos Summary
126,Paul Clemens,25,HOU,35,5,0,73.1,6,1,4,1,0,.833,,,-1,-3,0,0.61,0.14,P
127,Steve Clevenger,27,BAL,4,4,4,35.0,32,30,1,1,0,.969,-1,-34,-1,-34,-1,7.97,7.75,C
128,Alex Cobb,25,TBR,22,22,1,143.1,28,7,20,1,1,.964,,,1,1,0,1.70,1.23,P
129,Robert Coello,28,LAA,16,0,0,17.0,1,1,0,0,0,1.000,,,0,0,0,0.53,0.06,P
130,Phil Coke,30,DET,49,0,0,38.1,7,0,6,1,0,.857,,,-1,-5,-1,1.41,0.12,P
131,Chris Colabello,29,MIN,37,32,25,283.2,240,220,17,3,19,.988,2,10,2,8,0,7.52,6.41,1B-OF
132,Louis Coleman,27,KCR,27,0,0,29.2,3,1,2,0,2,1.000,,,0,0,0,0.91,0.11,P
133,Tim Collins,23,KCR,66,0,0,53.1,7,2,5,0,0,1.000,,,-1,-4,0,1.18,0.11,P
134,Alex Colomé,24,TBR,3,3,0,16.0,2,1,0,1,0,.500,,,0,0,0,0.56,0.33,P
135,Bartolo Colón,40,OAK,30,30,3,190.1,29,6,22,1,1,.966,,,-3,-3,-1,1.32,0.93,P
136,Hank Conger,25,LAA,71,60,48,535.0,517,480,30,7,5,.986,-6,-13,8,18,-2,8.58,7.18,C
137,Ryan Cook,26,OAK,71,0,0,67.1,12,4,8,0,1,1.000,,,-3,-9,0,1.60,0.17,P
138,Carlos Corporán,29,HOU,58,51,44,450.1,379,356,17,6,3,.984,0,0,7,19,3,7.45,6.43,C-1B
139,Kevin Correia,32,MIN,31,31,0,185.1,36,18,16,2,1,.944,,,-4,-4,0,1.65,1.10,P
140,Jarred Cosart,23,HOU,10,10,0,60.0,14,6,8,0,1,1.000,,,2,7,1,2.10,1.40,P
141,Neal Cotts,33,TEX,58,0,0,57.0,10,5,5,0,0,1.000,,,0,0,0,1.58,0.17,P
142,Scott Cousins,28,LAA,4,0,0,6.0,0,0,0,0,0,,0,0,0,0,,0.00,0.00,OF
143,Collin Cowgill,27,LAA,46,24,15,242.1,67,63,3,1,0,.985,6,27,4,19,0,2.45,1.43,OF
144,Jesse Crain,31,CHW,38,0,0,36.2,4,1,2,1,0,.750,,,-1,-5,0,0.74,0.08,P
145,Coco Crisp,33,OAK,110,107,93,919.0,309,307,2,0,1,1.000,14,18,3,3,0,3.03,2.81,OF
146,Aaron Crow,26,KCR,57,0,0,48.0,7,3,4,0,1,1.000,,,-1,-4,0,1.31,0.12,P
147,Trevor Crowe,29,HOU,53,40,28,390.0,109,103,3,3,1,.972,2,7,1,3,-1,2.45,2.00,OF
148,Luis Cruz,29,NYY,16,15,13,139.2,63,18,42,3,1,.952,4,35,4,34,0,3.87,3.33,3B-SS
149,Nelson Cruz,32,TEX,102,102,95,906.1,199,195,1,3,0,.985,-2,-3,-3,-3,0,1.95,1.92,OF
150,Rhiner Cruz,26,HOU,20,0,0,21.1,1,0,1,0,0,1.000,,,0,0,0,0.42,0.05,P
Rk,Name,Age,Tm,G,GS,CG,Inn,Ch,PO,A,E,DP,Fld%,Rtot,Rtot/yr,Rdrs,Rdrs/yr,Rgood,RF/9,RF/G,Pos Summary
151,Matt Daley,31,NYY,7,0,0,6.0,1,0,1,0,0,1.000,,,0,0,0,1.50,0.14,P
152,John Danks,28,CHW,22,22,0,138.1,21,8,13,0,1,1.000,,,0,0,0,1.37,0.95,P
153,Jordan Danks,26,CHW,68,40,37,407.1,102,100,1,1,1,.990,-4,-12,1,2,0,2.23,1.49,OF
154,Yu Darvish,26,TEX,32,32,0,209.2,23,9,14,0,1,1.000,,,0,0,0,0.99,0.72,P
155,Chris Davis,27,BAL,155,155,150,1377.2,1420,1339,75,6,153,.996,-4,-4,-2,-2,0,9.24,9.12,1B
156,Rajai Davis,32,TOR,97,75,60,722.1,179,173,4,2,1,.989,2,3,4,6,0,2.21,1.82,OF
157,Wade Davis,27,KCR,31,24,0,135.1,26,12,13,1,2,.962,,,-2,-3,-1,1.66,0.81,P
158,Alejandro De Aza,29,CHW,151,146,106,1315.1,381,368,5,8,2,.979,-4,-4,-15,-13,-8,2.55,2.47,OF
159,Dane De La Rosa,30,LAA,75,0,0,72.1,19,6,12,1,2,.947,,,2,6,1,2.24,0.24,P
160,Rubby De La Rosa,24,BOS,11,0,0,11.1,3,1,1,1,0,.667,,,0,0,0,1.59,0.18,P
161,José De La Torre,27,BOS,7,0,0,11.1,1,1,0,0,0,1.000,,,0,0,0,0.79,0.14,P
162,Jorge De León,25,HOU,11,0,0,10.0,2,1,1,0,0,1.000,,,0,0,0,1.80,0.18,P
163,Cole De Vries,28,MIN,4,2,0,15.0,3,1,2,0,0,1.000,,,0,0,0,1.80,0.75,P
164,Sam Deduno,29,MIN,18,18,0,108.0,35,13,21,1,1,.971,,,-2,-4,-1,2.83,1.89,P
165,David DeJesus,33,TBR,33,26,10,235.0,46,46,0,0,0,1.000,-1,-5,-1,-5,0,1.76,1.39,OF
166,Steve Delabar,29,TOR,55,0,0,58.2,7,1,6,0,0,1.000,,,1,3,0,1.07,0.13,P
167,Ryan Dempster,36,BOS,32,29,0,171.1,34,12,19,3,2,.912,,,-2,-2,0,1.63,0.97,P
168,Mark DeRosa,38,TOR,65,41,24,403.2,213,123,86,4,17,.981,-5,-15,0,0,-1,4.66,2.90,3B-2B-1B-OF
169,Scott Diamond,26,MIN,24,24,0,131.0,25,7,16,2,0,.920,,,0,0,-1,1.58,0.96,P
170,Jonathan Diaz,28,BOS,4,1,1,13.0,5,2,3,0,0,1.000,-1,-55,1,92,0,3.46,1.25,3B-2B
171,Chris Dickerson,31,BAL,28,11,11,131.0,42,41,1,0,0,1.000,3,27,3,27,0,2.89,1.50,OF
172,R.A. Dickey,38,TOR,34,34,3,224.2,53,11,40,2,1,.962,,,7,6,0,2.04,1.50,P
173,Andy Dirks,27,DET,124,103,74,950.1,241,232,7,2,0,.992,2,2,6,7,0,2.26,1.93,OF
174,Matt Dominguez,23,HOU,149,149,144,1312.1,431,92,323,16,28,.963,2,1,9,8,2,2.85,2.79,3B
175,Josh Donaldson,27,OAK,155,155,147,1375.0,415,143,256,16,22,.961,7,6,7,6,1,2.61,2.54,3B-SS-1B
Rk,Name,Age,Tm,G,GS,CG,Inn,Ch,PO,A,E,DP,Fld%,Rtot,Rtot/yr,Rdrs,Rdrs/yr,Rgood,RF/9,RF/G,Pos Summary
176,Sean Doolittle,26,OAK,70,0,0,69.0,7,1,6,0,0,1.000,,,-1,-3,0,0.91,0.10,P
177,Octavio Dotel,39,DET,6,0,0,4.2,1,0,1,0,0,1.000,,,0,0,0,1.93,0.17,P
178,Félix Doubront,25,BOS,29,27,0,162.1,24,5,18,1,1,.958,,,-1,-1,0,1.28,0.79,P
179,Ryan Doumit,32,MIN,76,72,64,640.0,312,284,25,3,4,.990,-14,-26,-22,-41,0,4.35,4.07,C-OF
180,Darin Downs,28,DET,29,0,0,35.1,3,1,2,0,0,1.000,,,0,0,0,0.76,0.10,P
181,Scott Downs,37,LAA,43,0,0,29.1,8,3,4,1,3,.875,,,0,0,0,2.15,0.16,P
182,Brian Dozier,26,MIN,146,141,135,1255.1,734,267,461,6,110,.992,-1,-1,-3,-3,0,5.22,4.99,2B
183,Kyle Drabek,25,TOR,3,0,0,2.1,1,0,1,0,0,1.000,,,0,0,0,3.86,0.33,P
184,Stephen Drew,30,BOS,124,122,118,1093.1,516,176,332,8,82,.984,-3,-3,-6,-7,1,4.18,4.10,SS
185,Brian Duensing,30,MIN,73,0,0,61.0,19,7,12,0,1,1.000,,,2,7,0,2.80,0.26,P
186,Danny Duffy,24,KCR,5,5,0,24.1,3,1,2,0,1,1.000,,,1,8,1,1.11,0.60,P
187,Shelley Duncan,33,TBR,4,1,0,13.0,15,14,1,0,2,1.000,0,28,0,0,0,10.38,3.75,1B
188,Adam Dunn,33,CHW,73,72,66,644.0,589,550,31,8,54,.986,-9,-17,-11,-20,-3,8.12,7.85,1B-OF
189,Chris Dwyer,25,KCR,2,0,0,3.0,3,0,3,0,1,1.000,,,0,0,0,9.00,1.50,P
190,Jarrod Dyson,28,KCR,73,61,57,571.2,184,176,3,5,2,.973,3,7,4,8,-1,2.82,2.45,OF
191,Jacoby Ellsbury,29,BOS,134,134,127,1188.1,353,347,3,3,2,.992,21,21,13,13,1,2.65,2.61,OF
192,Jake Elmore,26,HOU,43,30,25,301.2,159,60,91,8,17,.950,-3,-10,-4,-15,1,4.50,3.15,SS-2B-OF-C-P-3B-1B
193,Edwin Encarnación,30,TOR,87,87,82,786.1,779,701,70,8,68,.990,-4,-6,-7,-11,-2,8.82,8.66,1B-3B
194,Barry Enright,27,LAA,4,2,0,8.1,2,1,1,0,0,1.000,,,0,0,0,2.16,0.50,P
195,Cody Eppley,27,NYY,2,0,0,1.2,0,0,0,0,0,,,,0,0,,0.00,0.00,P
196,Alcides Escobar,26,KCR,158,156,151,1388.1,630,222,395,13,89,.979,4,3,5,4,-1,4.00,3.91,SS
197,Eduardo Escobar,24,MIN,60,40,31,396.1,154,43,104,7,16,.955,-3,-9,-4,-12,0,3.34,2.13,SS-3B-2B-OF
198,Yunel Escobar,30,TBR,153,149,134,1320.0,610,208,395,7,88,.989,2,2,5,5,-1,4.11,3.94,SS
199,Irving Falu,30,KCR,1,1,1,9.0,1,1,0,0,0,1.000,0,0,0,0,0,1.00,1.00,3B
200,Kyle Farnsworth,37,TBR,39,0,0,29.2,9,4,5,0,0,1.000,,,-1,-7,0,2.73,0.23,P
Rk,Name,Age,Tm,G,GS,CG,Inn,Ch,PO,A,E,DP,Fld%,Rtot,Rtot/yr,Rdrs,Rdrs/yr,Rgood,RF/9,RF/G,Pos Summary
201,Danny Farquhar,26,SEA,46,0,0,55.2,12,4,8,0,2,1.000,,,1,4,0,1.94,0.26,P
202,Scott Feldman,30,BAL,15,15,1,90.2,14,5,9,0,1,1.000,,,-1,-2,0,1.39,0.93,P
203,Neftalí Feliz,25,TEX,6,0,0,4.2,0,0,0,0,0,,,,-1,-43,,0.00,0.00,P
204,Thomas Field,26,LAA,15,5,4,64.2,17,12,5,0,1,1.000,-4,-76,-1,-19,0,2.37,1.00,2B-SS-3B
205,Prince Fielder,29,DET,151,151,134,1323.2,1254,1152,96,6,119,.995,-5,-4,-10,-9,1,8.49,8.26,1B
206,Josh Fields,27,HOU,41,0,0,38.0,4,3,1,0,0,1.000,,,0,0,0,0.95,0.10,P
207,Casey Fien,29,MIN,73,0,0,62.0,10,3,7,0,0,1.000,,,-1,-3,-1,1.45,0.14,P
208,Pedro Figueroa,27,OAK,5,0,0,3.0,0,0,0,0,0,,,,0,0,0,0.00,0.00,P
209,Doug Fister,29,DET,33,32,1,208.2,53,23,30,0,5,1.000,,,1,1,0,2.29,1.61,P
210,Ryan Flaherty,26,BAL,78,66,51,602.1,333,140,191,2,57,.994,5,9,3,6,1,4.95,3.89,2B-3B-SS-1B
211,Pedro Florimón,26,MIN,133,127,102,1099.2,664,245,401,18,101,.973,2,2,4,4,0,5.29,4.86,SS
212,Tyler Flowers,27,CHW,84,77,70,687.2,686,640,42,4,4,.994,-1,-2,1,2,-3,8.93,8.12,C
213,Gavin Floyd,30,CHW,5,5,0,24.1,8,2,6,0,1,1.000,,,1,8,0,2.96,1.60,P
214,Wilmer Font,23,TEX,2,0,0,1.1,0,0,0,0,0,,,,0,0,,0.00,0.00,P
215,Ben Francisco,31,NYY,8,4,1,32.2,8,8,0,0,0,1.000,1,29,1,36,0,2.20,1.00,OF
216,Jeff Francoeur,29,KCR,54,49,47,439.1,100,96,3,1,0,.990,-1,-3,0,0,1,2.03,1.83,OF
217,Nick Franklin,22,SEA,98,92,89,849.0,491,143,336,12,67,.976,8,11,3,4,2,5.08,4.84,2B-SS
218,Jason Frasor,35,TEX,61,0,0,49.0,9,3,5,1,0,.889,,,-3,-12,0,1.47,0.13,P
219,Nate Freiman,26,OAK,59,42,14,357.2,310,292,17,1,23,.997,-3,-10,-3,-10,-1,7.78,5.24,1B
220,Ernesto Frieri,27,LAA,67,0,0,68.2,8,2,6,0,1,1.000,,,0,0,0,1.05,0.12,P
221,Eric Fryer,27,MIN,5,4,4,40.0,30,28,2,0,0,1.000,1,30,1,30,0,6.75,6.00,C
222,Sam Fuld,31,TBR,106,48,34,512.2,129,126,2,1,1,.992,6,14,3,7,2,2.25,1.21,OF-P
223,Charlie Furbush,27,SEA,71,0,0,65.0,11,2,9,0,1,1.000,,,-1,-3,0,1.52,0.15,P
224,Avisaíl García,22,TOT,71,60,52,551.1,132,128,1,3,0,.977,-9,-19,-4,-8,-1,2.11,1.82,OF
225,Freddy García,36,BAL,11,10,0,53.0,12,6,5,1,1,.917,,,-1,-4,1,1.87,1.00,P
Rk,Name,Age,Tm,G,GS,CG,Inn,Ch,PO,A,E,DP,Fld%,Rtot,Rtot/yr,Rdrs,Rdrs/yr,Rgood,RF/9,RF/G,Pos Summary
226,Leury García,22,TOT,38,25,18,244.0,116,43,71,2,15,.983,2,10,3,14,1,4.20,2.85,2B-SS-OF-3B
227,Brett Gardner,29,NYY,138,130,124,1166.1,335,327,5,3,1,.991,-18,-18,4,4,3,2.56,2.41,OF
228,Matt Garza,29,TEX,13,13,1,84.1,16,7,7,2,0,.875,,,-1,-2,0,1.49,1.08,P
229,Kevin Gausman,22,BAL,20,5,0,47.2,12,4,8,0,1,1.000,,,1,4,0,2.27,0.60,P
230,Craig Gentry,29,TEX,102,69,50,647.2,192,183,7,2,1,.990,15,27,11,20,1,2.64,1.86,OF
231,Justin Germano,30,TOR,1,0,0,2.0,0,0,0,0,0,,,,0,0,,0.00,0.00,P
232,Chris Getz,29,KCR,68,62,55,540.0,291,106,181,4,39,.986,6,13,2,4,1,4.78,4.22,2B
233,Johnny Giavotella,25,KCR,13,12,7,97.0,57,20,37,0,9,1.000,-1,-12,0,0,0,5.29,4.38,2B
234,Kyle Gibson,25,MIN,10,10,0,51.0,5,1,4,0,1,1.000,,,-1,-4,0,0.88,0.50,P
235,Conor Gillaspie,25,CHW,121,109,96,982.1,332,109,206,17,19,.949,-11,-13,1,1,3,2.89,2.52,3B-1B
236,Chris Gimenez,30,TBR,3,0,0,6.0,5,4,1,0,0,1.000,0,60,0,0,0,7.50,1.67,1B-3B-C
237,Héctor Giménez,30,CHW,23,19,17,179.0,160,146,12,2,3,.988,-1,-7,2,13,-1,7.94,6.87,C
238,Ryan Goins,25,TOR,33,30,29,272.1,152,54,97,1,27,.993,5,20,8,35,2,4.99,4.44,2B-SS
239,Brandon Gomes,28,TBR,26,0,0,19.1,4,0,4,0,0,1.000,,,0,0,0,1.86,0.15,P
240,Jonny Gomes,32,BOS,101,67,59,656.0,125,119,5,1,2,.992,-10,-18,4,7,2,1.70,1.23,OF
241,Yan Gomes,25,CLE,85,79,75,713.0,737,669,65,3,1,.996,8,13,23,39,0,9.27,8.53,C-1B
242,Alberto González,30,NYY,13,10,6,91.0,34,15,18,1,2,.971,0,4,2,26,0,3.26,2.36,SS-3B-OF-P
243,Édgar González,30,TOT,8,0,0,18.0,6,3,2,1,1,.833,,,1,66,0,2.50,0.63,P
244,Marwin González,24,HOU,66,57,56,536.2,287,95,182,10,44,.965,0,-1,3,7,0,4.65,4.13,SS-2B-3B
245,Miguel González,29,BAL,30,28,0,171.1,31,6,24,1,1,.968,,,1,1,0,1.58,1.00,P
246,Miguel González,22,CHW,4,1,1,18.0,13,12,1,0,0,1.000,0,0,0,0,0,6.50,3.25,C
247,Alex Gordon,29,KCR,155,155,147,1364.1,341,323,17,1,2,.997,15,13,15,13,6,2.24,2.19,OF
248,Anthony Gose,22,TOR,49,37,32,347.1,89,81,4,4,0,.955,-4,-12,1,3,0,2.20,1.73,OF
249,Curtis Granderson,32,NYY,46,42,34,382.2,108,107,1,0,0,1.000,6,18,2,6,0,2.54,2.35,OF
250,Sonny Gray,23,OAK,12,10,0,64.0,20,9,10,1,0,.950,,,2,6,0,2.67,1.58,P
Rk,Name,Age,Tm,G,GS,CG,Inn,Ch,PO,A,E,DP,Fld%,Rtot,Rtot/yr,Rdrs,Rdrs/yr,Rgood,RF/9,RF/G,Pos Summary
251,Grant Green,25,TOT,45,40,34,361.2,171,75,92,4,17,.977,-10,-32,-8,-26,-2,4.16,3.71,2B
252,Tyler Greene,29,CHW,19,14,14,128.0,59,24,33,2,11,.966,1,8,-3,-28,0,4.01,3.00,2B
253,A.J. Griffin,25,OAK,32,32,1,200.0,23,8,15,0,0,1.000,,,0,0,0,1.04,0.72,P
254,Justin Grimm,24,TEX,17,17,0,89.0,23,12,10,1,1,.957,,,1,2,0,2.22,1.29,P
255,Robbie Grossman,23,HOU,62,62,48,555.2,127,122,2,3,0,.976,-12,-27,-2,-4,1,2.01,2.00,OF
256,Preston Guilmet,25,CLE,4,0,0,5.1,2,1,1,0,0,1.000,,,-1,-38,0,3.38,0.50,P
257,Jeremy Guthrie,34,KCR,33,33,3,211.2,39,17,22,0,2,1.000,,,0,0,0,1.66,1.18,P
258,Franklin Gutiérrez,30,SEA,38,34,30,305.1,79,78,0,1,0,.987,-6,-22,-6,-23,-1,2.30,2.05,OF
259,J.C. Gutiérrez,29,TOT,53,0,0,55.1,8,3,3,2,0,.750,,,-5,-109,0,0.98,0.11,P
260,Nick Hagadone,27,CLE,36,0,0,31.1,4,0,4,0,0,1.000,,,0,0,-1,1.15,0.11,P
261,Josh Hamilton,32,LAA,108,105,98,931.1,248,236,4,8,0,.968,-7,-9,-8,-10,-2,2.32,2.22,OF
262,Jason Hammel,30,BAL,26,23,0,139.1,11,4,7,0,0,1.000,,,-3,-4,0,0.71,0.42,P
263,Joel Hanrahan,31,BOS,9,0,0,7.1,2,1,1,0,0,1.000,,,0,0,0,2.45,0.22,P
264,Tommy Hanson,26,LAA,15,13,0,73.0,15,7,7,1,0,.933,,,-4,-11,0,1.73,0.93,P
265,J.A. Happ,30,TOR,18,18,0,92.2,11,2,9,0,0,1.000,,,-1,-2,0,1.07,0.61,P
266,Aaron Harang,35,SEA,22,22,2,120.1,22,9,12,1,1,.955,,,1,2,0,1.57,0.95,P
267,J.J. Hardy,30,BAL,159,159,151,1417.0,645,230,403,12,108,.981,3,3,5,4,2,4.02,3.98,SS
268,Lucas Harrell,28,HOU,36,22,0,153.2,29,6,22,1,5,.966,,,-2,-3,1,1.64,0.78,P
269,Brendan Harris,32,LAA,37,27,13,256.2,112,48,61,3,14,.973,-6,-30,-6,-28,-1,3.82,2.66,SS-3B-1B-2B-OF
270,Matt Harrison,27,TEX,2,2,0,10.2,2,1,1,0,0,1.000,,,0,0,0,1.69,1.00,P
271,Brad Hawpe,34,LAA,13,7,3,70.0,41,37,3,1,3,.976,-1,-22,0,0,0,5.14,3.08,OF-1B
272,Brett Hayes,29,KCR,5,4,4,44.0,46,45,1,0,0,1.000,0,0,-1,-27,1,9.41,9.20,C
273,Deunte Heath,27,CHW,5,0,0,7.2,0,0,0,0,0,,,,-1,-26,0,0.00,0.00,P
274,Jeremy Hellickson,26,TBR,32,31,0,174.0,23,9,14,0,1,1.000,,,0,0,1,1.19,0.72,P
275,Liam Hendriks,24,MIN,10,8,0,47.1,9,5,4,0,0,1.000,,,-1,-4,0,1.71,0.90,P
Rk,Name,Age,Tm,G,GS,CG,Inn,Ch,PO,A,E,DP,Fld%,Rtot,Rtot/yr,Rdrs,Rdrs/yr,Rgood,RF/9,RF/G,Pos Summary
276,Félix Hernández,27,SEA,31,31,0,204.1,24,7,15,2,2,.917,,,-3,-3,0,0.97,0.71,P
277,Pedro Hernández,24,MIN,14,12,0,56.2,12,1,11,0,0,1.000,,,0,0,0,1.91,0.86,P
278,Roberto Hernández,32,TBR,32,24,1,151.0,23,8,15,0,2,1.000,,,-1,-1,0,1.37,0.72,P
279,Kelvin Herrera,23,KCR,59,0,0,58.1,9,4,4,1,0,.889,,,0,0,0,1.23,0.14,P
280,Chris Herrmann,25,MIN,46,38,31,359.2,183,165,16,2,2,.989,-2,-6,-5,-16,0,4.53,3.55,C-OF
281,John Hester,29,LAA,1,0,0,1.0,1,1,0,0,0,1.000,0,0,0,0,0,9.00,1.00,C
282,Aaron Hicks,23,MIN,81,78,73,701.1,224,215,9,0,2,1.000,-5,-8,2,3,5,2.87,2.77,OF
283,Rich Hill,33,CLE,63,0,0,38.2,8,3,4,1,0,.875,,,-2,-10,0,1.63,0.11,P
284,Luke Hochevar,29,KCR,58,0,0,70.1,8,4,3,1,0,.875,,,1,3,0,0.90,0.12,P
285,L.J. Hoes,23,TOT,46,42,39,387.1,93,89,0,4,0,.957,-6,-20,-6,-18,-2,2.07,1.93,OF
286,Bryan Holaday,25,DET,14,8,6,84.0,78,73,3,2,0,.974,-1,-14,-2,-29,0,8.14,5.43,C
287,Derek Holland,26,TEX,33,33,2,213.0,22,3,17,2,0,.909,,,-1,-1,0,0.85,0.61,P
288,Greg Holland,27,KCR,68,0,0,67.0,11,5,6,0,1,1.000,,,0,0,0,1.48,0.16,P
289,Brock Holt,25,BOS,23,17,12,159.2,45,16,27,2,4,.956,-3,-19,-2,-15,-1,2.42,1.72,3B-2B
290,Eric Hosmer,23,KCR,158,154,152,1378.1,1335,1205,122,8,118,.994,5,4,1,0,-1,8.66,8.35,1B-OF
291,David Huff,28,TOT,14,2,0,37.2,5,2,3,0,0,1.000,,,0,0,0,1.19,0.36,P
292,Phil Hughes,27,NYY,30,29,0,145.2,13,3,10,0,0,1.000,,,-1,-1,-1,0.80,0.43,P
293,Philip Humber,30,HOU,17,7,0,54.2,11,7,4,0,0,1.000,,,-1,-4,0,1.81,0.65,P
294,Tommy Hunter,26,BAL,68,0,0,86.1,14,3,10,1,0,.929,,,1,2,0,1.36,0.19,P
295,Torii Hunter,37,DET,143,138,128,1236.1,235,223,9,3,3,.987,-6,-6,-7,-6,-1,1.69,1.62,OF
296,Chris Iannetta,30,LAA,113,102,91,921.2,781,725,51,5,6,.994,-4,-5,-23,-30,0,7.58,6.87,C
297,Raúl Ibañez,41,SEA,100,98,71,832.1,175,165,6,4,1,.977,-14,-21,-16,-23,-2,1.85,1.71,OF
298,José Iglesias,23,TOT,106,104,88,892.2,361,115,240,6,53,.983,-2,-2,3,4,4,3.58,3.20,SS-3B-2B
299,Omar Infante,31,DET,118,116,109,1025.1,509,157,342,10,73,.980,4,5,-4,-5,-3,4.38,4.23,2B
300,Travis Ishikawa,29,TOT,5,4,3,34.0,27,26,1,0,1,1.000,0,4,-2,-70,0,7.15,5.40,1B
Rk,Name,Age,Tm,G,GS,CG,Inn,Ch,PO,A,E,DP,Fld%,Rtot,Rtot/yr,Rdrs,Rdrs/yr,Rgood,RF/9,RF/G,Pos Summary
301,Hisashi Iwakuma,32,SEA,33,33,0,219.2,40,13,26,1,2,.975,,,5,5,0,1.60,1.18,P
302,Maicer Izturis,32,TOR,103,98,73,879.0,339,113,216,10,39,.971,-11,-16,-8,-11,-1,3.37,2.67,2B-3B-SS
303,Austin Jackson,26,DET,129,127,124,1145.2,307,300,5,2,1,.993,0,0,2,2,-1,2.40,2.36,OF
304,Casey Janssen,31,TOR,56,0,0,52.2,12,4,8,0,0,1.000,,,3,11,0,2.05,0.21,P
305,John Jaso,29,OAK,49,42,31,365.1,285,270,12,3,1,.989,-4,-13,-9,-30,-2,6.95,5.76,C-1B
306,Jeremy Jeffress,25,TOR,10,0,0,10.1,2,0,2,0,0,1.000,,,-1,-19,0,1.74,0.20,P
307,Chad Jenkins,25,TOR,10,3,0,33.1,11,2,8,1,2,.909,,,1,6,0,2.70,1.00,P
308,Desmond Jennings,26,TBR,136,132,128,1188.2,325,320,2,3,2,.991,5,5,-5,-5,-2,2.44,2.37,OF
309,Kevin Jepsen,28,LAA,45,0,0,36.0,2,0,2,0,0,1.000,,,-2,-11,0,0.50,0.04,P
310,Derek Jeter,39,NYY,13,13,10,109.2,52,23,27,2,6,.962,-5,-49,-6,-66,0,4.10,3.85,SS
311,Luis Jiménez,25,LAA,31,29,25,258.0,112,37,71,4,13,.964,7,33,4,19,0,3.77,3.38,3B-1B-SS
312,Ubaldo Jiménez,29,CLE,32,32,0,182.2,21,5,14,2,1,.905,,,-5,-5,-1,0.94,0.59,P
313,Dan Johnson,33,BAL,1,0,0,1.0,1,1,0,0,1,1.000,0,0,0,0,0,9.00,1.00,1B
314,Elliot Johnson,29,KCR,67,44,35,433.1,213,80,130,3,26,.986,2,6,8,22,1,4.36,2.92,2B-SS-3B-OF
315,Erik Johnson,23,CHW,5,5,0,27.2,5,2,2,1,0,.800,,,1,7,1,1.30,0.80,P
316,Jim Johnson,30,BAL,74,0,0,70.1,22,3,17,2,2,.909,,,-1,-3,0,2.56,0.27,P
317,Josh Johnson,29,TOR,16,16,0,81.1,18,12,4,2,1,.889,,,-4,-10,0,1.77,1.00,P
318,Kelly Johnson,31,TBR,91,78,44,679.2,210,132,74,4,14,.981,-2,-4,-1,-1,0,2.73,2.19,OF-2B-3B-1B
319,Steve Johnson,25,BAL,9,1,0,15.2,1,0,1,0,0,1.000,,,0,0,0,0.57,0.11,P
320,Adam Jones,27,BAL,156,156,152,1394.0,365,352,11,2,0,.995,-15,-13,-1,0,0,2.34,2.33,OF
321,Nate Jones,27,CHW,70,0,0,78.0,10,2,8,0,0,1.000,,,-1,-3,0,1.15,0.14,P
322,Corban Joseph,24,NYY,2,2,2,17.0,14,8,6,0,1,1.000,1,42,0,0,0,7.41,7.00,2B-1B
323,Donnie Joseph,25,KCR,6,0,0,5.2,2,0,2,0,0,1.000,,,0,0,0,3.18,0.33,P
324,Matt Joyce,28,TBR,110,92,56,803.2,171,168,2,1,1,.994,1,1,0,0,-1,1.90,1.55,OF
325,Jair Jurrjens,27,BAL,2,1,0,7.1,0,0,0,0,0,,,,0,0,,0.00,0.00,P
Rk,Name,Age,Tm,G,GS,CG,Inn,Ch,PO,A,E,DP,Fld%,Rtot,Rtot/yr,Rdrs,Rdrs/yr,Rgood,RF/9,RF/G,Pos Summary
326,Munenori Kawasaki,32,TOR,76,67,53,596.2,292,105,181,6,45,.979,0,0,0,0,1,4.31,3.67,SS-2B
327,Scott Kazmir,29,CLE,29,29,0,158.0,25,10,12,3,0,.880,,,2,3,1,1.25,0.76,P
328,Shawn Kelley,29,NYY,57,0,0,53.1,9,6,3,0,1,1.000,,,1,4,0,1.52,0.16,P
329,Don Kelly,33,DET,98,52,27,557.1,131,112,17,2,4,.985,-4,-9,-7,-15,1,2.08,1.21,OF-3B-1B-2B
330,Howie Kendrick,29,LAA,118,118,109,1044.1,555,224,321,10,68,.982,0,0,-1,-1,-2,4.70,4.58,2B-OF
331,Jeff Keppinger,33,CHW,98,90,77,822.0,412,219,188,5,48,.988,-4,-6,-9,-13,-1,4.46,3.84,2B-3B-1B
332,Dallas Keuchel,25,HOU,31,22,0,153.2,31,7,24,0,3,1.000,,,3,4,1,1.82,1.00,P
333,Kevin Kiermaier,23,TBR,1,0,0,1.0,0,0,0,0,0,,0,0,0,0,,0.00,0.00,OF
334,Ian Kinsler,31,TEX,124,124,120,1095.1,595,211,371,13,89,.978,8,9,10,11,1,4.78,4.69,2B
335,Jason Kipnis,26,CLE,147,146,141,1292.1,649,242,395,12,91,.982,3,3,-8,-7,-1,4.44,4.33,2B
336,Michael Kirkman,26,TEX,25,0,0,22.0,0,0,0,0,0,,,,-1,-9,0,0.00,0.00,P
337,Corey Kluber,27,CLE,26,24,0,147.1,31,12,18,1,1,.968,,,1,1,0,1.83,1.15,P
338,Michael Kohn,27,LAA,63,0,0,53.0,6,2,4,0,0,1.000,,,0,0,-1,1.02,0.10,P
339,Paul Konerko,37,CHW,76,76,65,652.2,652,600,48,4,70,.994,-4,-7,-3,-6,0,8.94,8.53,1B
340,George Kottaras,30,KCR,39,29,16,262.0,230,212,14,4,0,.983,-1,-5,-4,-18,1,7.76,5.79,C
341,Marc Krauss,25,HOU,26,22,13,182.1,45,40,3,2,3,.956,0,-1,0,0,1,2.12,1.54,OF-1B
342,Jason Kubel,31,CLE,6,4,1,34.0,9,8,1,0,0,1.000,0,4,1,35,0,2.38,1.50,OF
343,Hiroki Kuroda,38,NYY,32,32,1,201.1,37,12,25,0,3,1.000,,,4,4,0,1.65,1.16,P
344,John Lackey,34,BOS,29,29,2,189.1,49,18,29,2,0,.959,,,-6,-6,0,2.23,1.62,P
345,Aaron Laffey,28,TOR,1,1,0,2.2,1,0,1,0,0,1.000,,,0,0,0,3.38,1.00,P
346,Bobby LaFromboise,27,SEA,10,0,0,10.2,2,0,2,0,0,1.000,,,0,0,0,1.69,0.20,P
347,Brandon Laird,25,HOU,17,11,10,103.0,83,72,10,1,9,.988,-2,-24,-1,-12,0,7.17,4.82,1B-3B
348,Ryan Langerhans,33,TOR,4,3,3,27.0,28,28,0,0,4,1.000,0,13,0,0,0,9.33,7.00,1B
349,Matt Langwell,27,CLE,5,0,0,5.1,0,0,0,0,0,,,,0,0,,0.00,0.00,P
350,Andy LaRoche,29,TOR,1,1,1,9.0,4,1,3,0,1,1.000,0,53,1,133,0,4.00,4.00,3B
Rk,Name,Age,Tm,G,GS,CG,Inn,Ch,PO,A,E,DP,Fld%,Rtot,Rtot/yr,Rdrs,Rdrs/yr,Rgood,RF/9,RF/G,Pos Summary
351,Ryan Lavarnway,25,BOS,22,18,15,164.0,140,131,8,1,4,.993,-3,-22,-2,-15,-1,7.63,6.32,C
352,Brett Lawrie,23,TOR,107,107,102,938.2,290,80,198,12,21,.959,-11,-15,6,8,2,2.67,2.55,3B-2B
353,Wade LeBlanc,28,HOU,4,0,0,6.1,0,0,0,0,0,,,,0,0,,0.00,0.00,P
354,C.C. Lee,26,CLE,8,0,0,4.1,0,0,0,0,0,,,,0,0,0,0.00,0.00,P
355,Charles Leesman,26,CHW,8,1,0,15.1,3,1,2,0,0,1.000,,,0,0,0,1.76,0.38,P
356,Jon Lester,29,BOS,33,33,1,213.1,32,12,18,2,1,.938,,,-3,-3,-1,1.27,0.91,P
357,Alex Liddi,24,SEA,6,4,4,41.0,34,34,0,0,4,1.000,-1,-23,0,0,0,7.46,5.67,1B
358,Brent Lillibridge,29,NYY,10,9,6,79.0,27,12,14,1,1,.963,-1,-20,0,0,0,2.96,2.36,3B-1B-OF
359,Brad Lincoln,28,TOR,22,0,0,31.2,11,5,6,0,1,1.000,,,0,0,0,3.13,0.50,P
360,Adam Lind,29,TOR,76,71,62,620.0,637,579,51,7,56,.989,-1,-2,-6,-12,1,9.15,8.29,1B
361,Josh Lindblom,26,TEX,8,5,0,31.1,6,1,5,0,0,1.000,,,0,0,0,1.72,0.75,P
362,Matt Lindstrom,33,CHW,76,0,0,60.2,10,2,8,0,1,1.000,,,0,0,0,1.48,0.13,P
363,Chia-Jen Lo,27,HOU,19,0,0,19.1,3,1,2,0,0,1.000,,,0,0,0,1.40,0.16,P
364,José Lobatón,28,TBR,96,76,66,713.2,686,643,40,3,6,.996,-8,-13,-2,-3,1,8.61,7.11,C
365,Kameron Loe,31,SEA,4,0,0,6.2,0,0,0,0,0,,,,0,0,,0.00,0.00,P
366,Boone Logan,28,NYY,61,0,0,39.0,4,1,3,0,0,1.000,,,-2,-10,-1,0.92,0.07,P
367,James Loney,29,TBR,154,143,130,1277.2,1308,1203,98,7,115,.995,4,4,3,3,3,9.16,8.45,1B
368,Evan Longoria,27,TBR,147,145,140,1289.0,386,96,279,11,27,.972,14,13,8,7,1,2.62,2.55,3B
369,David Lough,27,KCR,89,80,62,708.0,174,164,8,2,1,.989,9,14,12,20,2,2.19,1.93,OF
370,Aaron Loup,25,TOR,64,0,0,69.1,31,5,23,3,2,.903,,,2,6,-1,3.63,0.44,P
371,Derek Lowe,40,TEX,9,0,0,13.0,2,0,2,0,0,1.000,,,0,0,0,1.38,0.22,P
372,Mark Lowe,30,LAA,11,0,0,11.2,4,0,4,0,0,1.000,,,-1,-17,0,3.09,0.36,P
373,Jed Lowrie,29,OAK,139,138,126,1222.1,492,172,302,18,66,.963,-13,-13,-20,-20,2,3.49,3.31,SS-2B
374,Josh Lueke,28,TBR,19,0,0,21.1,4,1,3,0,0,1.000,,,0,0,0,1.69,0.21,P
375,Lucas Luetge,26,SEA,35,0,0,37.0,5,2,3,0,1,1.000,,,0,0,0,1.22,0.14,P
Rk,Name,Age,Tm,G,GS,CG,Inn,Ch,PO,A,E,DP,Fld%,Rtot,Rtot/yr,Rdrs,Rdrs/yr,Rgood,RF/9,RF/G,Pos Summary
376,Jordan Lyles,22,HOU,27,25,0,141.2,31,12,18,1,1,.968,,,2,3,0,1.91,1.11,P
377,Manny Machado,20,BAL,156,156,152,1390.0,484,116,355,13,42,.973,34,29,27,23,-2,3.05,3.02,3B
378,Nick Markakis,29,BAL,155,154,152,1381.0,319,312,7,0,1,1.000,-3,-2,-5,-4,5,2.08,2.06,OF
379,Nick Maronde,23,LAA,10,0,0,5.1,1,0,1,0,0,1.000,,,0,0,0,1.69,0.10,P
380,Brett Marshall,23,NYY,3,0,0,12.0,2,1,1,0,1,1.000,,,0,0,0,1.50,0.67,P
381,Lou Marson,27,CLE,3,2,1,11.2,12,11,1,0,1,1.000,-1,-103,-1,-103,0,9.26,4.00,C
382,Leonys Martín,25,TEX,142,125,97,1127.2,336,317,14,5,1,.985,18,19,13,13,-1,2.64,2.33,OF
383,David Martinez,25,HOU,4,0,0,11.1,4,0,4,0,0,1.000,,,1,18,0,3.18,1.00,P
384,Fernando Martinez,24,HOU,10,8,5,65.0,12,12,0,0,0,1.000,-2,-41,-3,-55,0,1.66,1.20,OF
385,J.D. Martinez,25,HOU,70,67,48,563.2,104,98,4,2,1,.981,-5,-10,-10,-21,-1,1.63,1.46,OF
386,Joe Martinez,30,CLE,2,0,0,5.0,0,0,0,0,0,,,,0,0,,0.00,0.00,P
387,Victor Martinez,34,DET,14,14,11,119.0,121,103,18,0,3,1.000,-1,-10,0,0,0,9.15,8.64,1B-C
388,Shairon Martis,26,MIN,6,0,0,9.2,2,2,0,0,0,1.000,,,0,0,0,1.86,0.33,P
389,Justin Masterson,28,CLE,32,29,3,193.0,49,21,27,1,3,.980,,,1,1,0,2.24,1.50,P
390,Darin Mastroianni,27,MIN,29,17,13,166.0,41,40,1,0,0,1.000,-1,-4,-3,-21,1,2.22,1.41,OF-2B
391,Brian Matusz,26,BAL,65,0,0,51.0,6,0,6,0,1,1.000,,,0,0,0,1.06,0.09,P
392,Joe Mauer,30,MIN,83,81,80,728.2,609,573,33,3,16,.995,8,13,7,12,1,7.48,7.30,C-1B
393,Brandon Maurer,22,SEA,22,14,0,90.0,16,6,10,0,0,1.000,,,0,0,0,1.60,0.73,P
394,Justin Maxwell,29,TOT,71,65,54,567.0,164,153,6,5,2,.970,0,-1,-6,-12,-1,2.52,2.24,OF
395,Zach McAllister,25,CLE,24,24,0,134.1,16,8,6,2,0,.875,,,-3,-4,0,0.94,0.58,P
396,Kyle McClellan,29,TEX,7,0,0,9.1,1,1,0,0,0,1.000,,,0,0,0,0.96,0.14,P
397,John McDonald,38,TOT,14,4,2,53.0,21,8,12,1,2,.952,0,-2,-1,-22,0,3.40,1.43,3B-2B
398,T.J. McFarland,24,BAL,38,1,0,74.2,15,3,12,0,0,1.000,,,-1,-3,-1,1.81,0.39,P
399,Jake McGee,26,TBR,71,0,0,62.2,6,1,5,0,0,1.000,,,-1,-3,0,0.86,0.08,P
400,Dustin McGowan,31,TOR,25,0,0,25.2,10,2,6,2,0,.800,,,1,8,0,2.81,0.32,P
Rk,Name,Age,Tm,G,GS,CG,Inn,Ch,PO,A,E,DP,Fld%,Rtot,Rtot/yr,Rdrs,Rdrs/yr,Rgood,RF/9,RF/G,Pos Summary
401,Chris McGuiness,25,TEX,10,9,9,82.0,83,77,6,0,5,1.000,1,18,2,29,0,9.11,8.30,1B
402,Nate McLouth,31,BAL,138,125,121,1150.2,259,254,4,1,0,.996,-9,-10,0,0,-1,2.02,1.87,OF
403,Yoervis Medina,24,SEA,63,0,0,68.0,9,2,7,0,0,1.000,,,0,0,0,1.19,0.14,P
404,Luis Mendoza,29,KCR,22,15,0,94.0,18,10,8,0,2,1.000,,,0,0,0,1.72,0.82,P
405,Melky Mesa,26,NYY,4,3,2,28.0,11,11,0,0,0,1.000,2,86,0,0,0,3.54,2.75,OF
406,Will Middlebrooks,24,BOS,93,91,85,810.2,233,64,159,10,13,.957,-1,-2,-2,-3,-2,2.48,2.35,3B-1B-2B
407,Andrew Miller,28,BOS,37,0,0,30.2,5,2,2,1,0,.800,,,-2,-13,0,1.17,0.11,P
408,Brad Miller,23,SEA,75,73,63,665.0,298,109,181,8,35,.973,-7,-12,-2,-4,-3,3.92,3.45,SS-2B-3B
409,Jim Miller,31,NYY,1,0,0,1.1,0,0,0,0,0,,,,0,0,,0.00,0.00,P
410,Tommy Milone,26,OAK,28,26,1,156.1,18,6,11,1,0,.944,,,-2,-3,0,0.98,0.61,P
411,José Molina,38,TBR,96,87,67,749.1,712,674,34,4,5,.994,0,0,8,13,-3,8.50,7.38,C
412,Jesus Montero,23,SEA,26,25,24,225.1,219,207,11,1,0,.995,-5,-27,-7,-37,-1,8.71,8.38,C
413,Luke Montz,29,OAK,1,0,0,1.0,0,0,0,0,0,,0,0,0,0,,0.00,0.00,1B
414,Adam Moore,29,KCR,5,3,1,27.0,26,22,3,1,0,.962,0,0,0,0,0,8.33,5.00,C
415,Matt Moore,24,TBR,27,27,1,150.1,26,9,17,0,1,1.000,,,2,3,0,1.56,0.96,P
416,Franklin Morales,27,BOS,20,1,0,25.1,5,1,4,0,0,1.000,,,0,0,0,1.78,0.25,P
417,Kendrys Morales,30,SEA,31,31,25,274.1,307,293,13,1,26,.997,0,-1,0,0,1,10.04,9.87,1B
418,Brent Morel,26,CHW,12,7,6,72.1,26,9,16,1,2,.962,0,5,1,17,0,3.11,2.08,3B-1B
419,Mitch Moreland,27,TEX,146,129,119,1176.1,1146,1045,96,5,108,.996,0,0,1,1,-1,8.73,7.76,1B-OF
420,Justin Morneau,32,MIN,112,111,108,995.1,1088,999,86,3,117,.997,2,3,0,0,1,9.81,9.69,1B
421,Brandon Morrow,28,TOR,10,10,0,54.1,5,2,3,0,1,1.000,,,-1,-4,0,0.83,0.50,P
422,Mike Morse,31,TOT,78,77,54,631.1,185,180,4,1,9,.995,-6,-12,-13,-24,-3,2.62,2.33,OF-1B
423,Clayton Mortensen,28,BOS,24,0,0,30.1,8,3,4,1,0,.875,,,-2,-13,0,2.08,0.29,P
424,Brandon Moss,29,OAK,139,113,93,1043.1,775,719,48,8,52,.990,-9,-10,-8,-9,0,6.62,5.22,1B-OF-3B
425,Mike Moustakas,24,KCR,134,126,116,1129.2,340,114,210,16,19,.953,-3,-4,-8,-8,-1,2.58,2.42,3B
Rk,Name,Age,Tm,G,GS,CG,Inn,Ch,PO,A,E,DP,Fld%,Rtot,Rtot/yr,Rdrs,Rdrs/yr,Rgood,RF/9,RF/G,Pos Summary
426,David Murphy,31,TEX,129,107,90,989.1,207,195,10,2,1,.990,3,3,3,3,1,1.86,1.58,OF-P
427,John Ryan Murphy,22,NYY,15,6,5,70.2,72,65,7,0,0,1.000,1,17,2,34,-1,9.17,4.80,C
428,Brett Myers,32,CLE,4,3,0,21.1,5,1,4,0,0,1.000,,,1,9,0,2.11,1.25,P
429,Wil Myers,22,TBR,77,74,63,655.2,142,140,2,0,1,1.000,-2,-4,-1,-1,0,1.95,1.84,OF
430,Mike Napoli,31,BOS,131,123,114,1097.1,1069,976,87,6,96,.994,11,12,7,8,0,8.72,8.11,1B
431,Joe Nathan,38,TEX,67,0,0,64.2,12,5,7,0,0,1.000,,,1,3,0,1.67,0.18,P
432,Daniel Nava,30,BOS,127,116,87,1057.2,259,244,11,4,5,.985,-11,-12,-6,-6,2,2.17,1.83,OF-1B
433,Efren Navarro,27,LAA,2,1,0,10.0,9,7,2,0,2,1.000,-1,-84,0,0,0,8.10,4.50,1B
434,Yamaico Navarro,25,BAL,8,8,3,62.0,37,17,18,2,4,.946,-2,-41,1,19,-1,5.08,4.38,2B
435,Thomas Neal,25,NYY,3,3,2,24.0,6,6,0,0,0,1.000,-1,-65,-1,-50,0,2.25,2.00,OF
436,Chris Nelson,27,TOT,39,36,33,327.0,74,18,53,3,2,.959,1,5,-3,-11,0,1.95,1.78,3B-2B
437,Pat Neshek,32,OAK,45,0,0,40.1,5,0,5,0,0,1.000,,,0,0,0,1.12,0.11,P
438,Mike Nickeas,30,TOR,1,0,0,1.0,0,0,0,0,0,,0,0,0,0,0,0.00,0.00,C
439,Jayson Nix,30,NYY,87,74,62,674.1,297,85,205,7,37,.976,6,10,0,0,-1,3.87,3.12,SS-3B-2B
440,Hector Noesí,26,SEA,12,1,0,27.1,4,0,3,1,0,.750,,,-1,-7,0,0.99,0.25,P
441,Sean Nolin,23,TOR,1,1,0,1.1,0,0,0,0,0,,,,0,0,,0.00,0.00,P
442,Bud Norris,28,TOT,32,30,0,176.2,31,9,21,1,2,.968,,,3,20,-1,1.53,0.94,P
443,Derek Norris,24,OAK,91,71,60,667.0,599,566,30,3,4,.995,0,0,-1,-2,0,8.04,6.48,C-1B
444,Iván Nova,26,NYY,23,20,3,139.1,26,8,18,0,1,1.000,,,3,4,0,1.68,1.13,P
445,Eduardo Núñez,26,NYY,89,84,74,737.1,295,99,182,14,37,.953,-18,-29,-27,-44,-2,3.43,3.09,SS-3B-2B
446,Vidal Nuno III,25,NYY,5,3,0,20.0,2,0,2,0,0,1.000,,,0,0,0,0.90,0.40,P
447,Darren O'Day,30,BAL,68,0,0,62.0,8,4,3,1,2,.875,,,0,0,0,1.02,0.10,P
448,Brett Oberholtzer,23,HOU,13,10,2,71.2,10,4,6,0,0,1.000,,,1,3,0,1.26,0.77,P
449,Jake Odorizzi,23,TBR,7,4,0,29.2,7,3,4,0,0,1.000,,,1,7,0,2.12,1.00,P
450,Alexi Ogando,29,TEX,23,18,0,104.1,21,9,12,0,1,1.000,,,2,4,0,1.81,0.91,P
Rk,Name,Age,Tm,G,GS,CG,Inn,Ch,PO,A,E,DP,Fld%,Rtot,Rtot/yr,Rdrs,Rdrs/yr,Rgood,RF/9,RF/G,Pos Summary
451,Hideki Okajima,37,OAK,5,0,0,4.0,2,0,2,0,0,1.000,,,1,50,0,4.50,0.40,P
452,Darren Oliver,42,TOR,50,0,0,49.0,11,0,11,0,0,1.000,,,1,4,0,2.02,0.22,P
453,Brian Omogrosso,29,CHW,12,0,0,16.1,3,2,1,0,0,1.000,,,-1,-12,0,1.65,0.25,P
454,Jose Ortega,24,DET,11,0,0,11.2,4,1,2,1,0,.750,,,0,0,0,2.31,0.27,P
455,David Ortiz,37,BOS,6,6,2,39.0,37,36,1,0,4,1.000,-2,-46,-1,-31,0,8.54,6.17,1B
456,Joe Ortiz,22,TEX,32,0,0,44.2,8,3,5,0,0,1.000,,,1,4,0,1.61,0.25,P
457,Ramon Ortiz,40,TOR,7,4,0,25.1,6,3,2,1,1,.833,,,1,8,1,1.78,0.71,P
458,Dan Otero,28,OAK,33,0,0,39.0,8,1,7,0,2,1.000,,,-1,-5,-1,1.85,0.24,P
459,Lyle Overbay,36,NYY,134,118,109,1057.0,1009,938,67,4,93,.996,-8,-9,0,0,1,8.56,7.50,1B-OF
460,Matt Pagnozzi,30,HOU,7,6,5,54.0,40,37,2,1,0,.975,0,0,-1,-22,0,6.50,5.57,C
461,Jimmy Paredes,24,HOU,42,34,25,307.1,70,61,8,1,0,.986,-4,-15,-5,-19,-1,2.02,1.60,OF-2B-3B
462,Jarrod Parker,24,OAK,32,32,1,197.0,39,14,21,4,0,.897,,,0,0,1,1.60,1.09,P
463,Chris Parmelee,25,MIN,90,79,74,703.0,277,257,18,2,15,.993,-11,-18,3,5,2,3.52,3.02,OF-1B
464,Andy Parrino,27,OAK,14,7,4,78.0,37,14,22,1,3,.973,1,18,-5,-77,-2,4.15,2.57,2B-SS-3B
465,Troy Patton,27,BAL,56,0,0,56.0,13,3,10,0,2,1.000,,,2,7,0,2.09,0.23,P
466,James Paxton,24,SEA,4,4,0,24.0,3,0,3,0,0,1.000,,,0,0,0,1.13,0.75,P
467,Brad Peacock,25,HOU,18,14,0,83.1,15,4,10,1,0,.933,,,-1,-2,0,1.51,0.78,P
468,Steve Pearce,30,BAL,21,19,6,143.1,46,46,0,0,2,1.000,-4,-33,1,8,0,2.89,2.19,OF-1B
469,Jake Peavy,32,TOT,23,23,2,144.2,20,10,10,0,0,1.000,,,-1,-8,-1,1.24,0.87,P
470,Dustin Pedroia,29,BOS,160,159,143,1398.0,688,254,429,5,102,.993,11,9,12,10,2,4.40,4.27,2B
471,Carlos Peguero,26,SEA,2,2,2,18.0,3,3,0,0,0,1.000,0,13,-1,-66,0,1.50,1.50,OF
472,Mike Pelfrey,29,MIN,29,29,0,152.2,27,11,14,2,3,.926,,,1,1,1,1.47,0.86,P
473,Brayan Peña,31,DET,65,55,52,521.0,559,529,27,3,4,.995,-3,-6,-1,-2,1,9.60,8.55,C-1B
474,Carlos Pena,35,TOT,46,43,42,382.2,429,399,30,0,47,1.000,-3,-10,-4,-12,1,10.09,9.33,1B
475,Jhonny Peralta,31,DET,107,106,102,954.1,440,142,294,4,54,.991,-3,-3,-4,-5,0,4.11,4.00,SS-OF
Rk,Name,Age,Tm,G,GS,CG,Inn,Ch,PO,A,E,DP,Fld%,Rtot,Rtot/yr,Rdrs,Rdrs/yr,Rgood,RF/9,RF/G,Pos Summary
476,Joel Peralta,37,TBR,80,0,0,71.1,7,3,4,0,0,1.000,,,1,3,0,0.88,0.09,P
477,Chris Perez,27,CLE,54,0,0,54.0,8,2,6,0,0,1.000,,,0,0,0,1.33,0.15,P
478,Hernán Pérez,22,DET,27,16,14,168.1,81,30,49,2,9,.975,-2,-12,2,14,0,4.22,2.72,2B-SS-3B
479,Juan Perez,34,TOR,19,0,0,31.2,8,3,5,0,0,1.000,,,0,0,0,2.27,0.42,P
480,Luis Perez,28,TOR,6,0,0,5.0,1,0,1,0,0,1.000,,,0,0,0,1.80,0.17,P
481,Martín Pérez,22,TEX,20,20,1,124.1,27,4,22,1,1,.963,,,1,2,-1,1.88,1.30,P
482,Oliver Pérez,31,SEA,61,0,0,53.0,6,1,4,1,0,.833,,,1,4,0,0.85,0.08,P
483,Salvador Perez,23,KCR,138,127,118,1124.1,1011,932,71,8,4,.992,7,7,10,11,4,8.03,7.27,C-1B
484,Glen Perkins,30,MIN,61,0,0,62.2,7,2,5,0,0,1.000,,,0,0,0,1.01,0.11,P
485,Vinnie Pestano,28,CLE,37,0,0,35.1,7,2,5,0,0,1.000,,,1,6,0,1.78,0.19,P
486,Shane Peterson,25,OAK,2,2,2,18.0,10,8,2,0,1,1.000,0,-20,1,67,1,5.00,5.00,1B
487,Jake Petricka,25,CHW,16,0,0,19.1,4,0,4,0,0,1.000,,,0,0,0,1.86,0.25,P
488,Andy Pettitte,41,NYY,30,30,1,185.1,40,7,30,3,4,.925,,,4,4,0,1.80,1.23,P
489,Josh Phegley,25,CHW,65,59,47,516.2,449,415,29,5,4,.989,-1,-2,4,9,0,7.73,6.83,C-2B
490,Cord Phelps,26,CLE,3,2,2,22.0,6,3,2,1,0,.833,-2,-98,-1,-55,0,2.05,1.67,2B
491,David Phelps,26,NYY,22,12,0,86.2,23,13,9,1,2,.957,,,1,2,0,2.28,1.00,P
492,A.J. Pierzynski,36,TEX,119,111,107,1005.0,959,892,65,2,8,.998,3,4,-5,-6,0,8.57,8.04,C
493,Kevin Pillar,24,TOR,34,29,23,251.0,58,57,1,0,0,1.000,1,3,4,19,1,2.08,1.71,OF
494,Josmil Pinto,24,MIN,20,18,17,159.1,118,112,4,2,1,.983,0,0,-4,-30,0,6.55,5.80,C
495,Trevor Plouffe,27,MIN,120,118,105,1038.0,300,93,194,13,25,.957,-8,-9,-7,-8,-2,2.49,2.35,3B-1B
496,Rick Porcello,24,DET,32,29,1,177.0,37,15,21,1,2,.973,,,-4,-5,-1,1.83,1.13,P
497,Alex Presley,27,MIN,28,27,26,241.1,82,80,2,0,1,1.000,-9,-42,-6,-29,1,3.06,2.93,OF
498,Ryan Pressly,24,MIN,49,0,0,76.2,22,8,13,1,2,.955,,,1,3,0,2.47,0.43,P
499,David Price,27,TBR,27,27,4,186.2,32,7,25,0,0,1.000,,,3,3,1,1.54,1.19,P
500,Jason Pridie,29,BAL,4,3,2,27.0,5,2,1,2,0,.600,-3,-133,-3,-133,0,1.00,0.75,OF
Rk,Name,Age,Tm,G,GS,CG,Inn,Ch,PO,A,E,DP,Fld%,Rtot,Rtot/yr,Rdrs,Rdrs/yr,Rgood,RF/9,RF/G,Pos Summary
501,Jurickson Profar,20,TEX,61,59,57,538.1,234,92,134,8,26,.966,-5,-10,-4,-8,0,3.78,3.53,2B-SS-3B-OF
502,Stephen Pryor,23,SEA,7,0,0,7.1,1,1,0,0,0,1.000,,,0,0,0,1.23,0.14,P
503,Albert Pujols,33,LAA,34,34,31,302.0,297,265,29,3,24,.990,-3,-10,2,8,0,8.76,8.65,1B
504,David Purcey,31,CHW,24,0,0,25.1,4,1,3,0,0,1.000,,,1,8,0,1.42,0.17,P
505,Luke Putkonen,27,DET,30,0,0,29.2,3,2,1,0,0,1.000,,,-1,-7,0,0.91,0.10,P
506,José Quintana,24,CHW,33,33,0,200.0,29,4,23,2,1,.931,,,1,1,0,1.22,0.82,P
507,Humberto Quintero,33,SEA,21,19,18,176.0,171,158,12,1,3,.994,2,14,1,7,0,8.69,8.10,C
508,Ryan Raburn,32,CLE,67,60,33,495.1,108,100,6,2,3,.981,-4,-10,1,2,0,1.93,1.56,OF-2B-P
509,Alexei Ramírez,31,CHW,158,157,154,1400.2,691,236,433,22,100,.968,-4,-4,-3,-3,-1,4.30,4.23,SS
510,Erasmo Ramírez,23,SEA,14,13,0,72.1,9,2,7,0,0,1.000,,,0,0,0,1.12,0.64,P
511,José Ramírez,20,CLE,8,2,1,28.0,13,2,10,1,0,.923,1,30,0,0,0,3.86,1.33,2B-3B-SS
512,Wilkin Ramirez,27,MIN,25,20,13,171.2,50,49,1,0,0,1.000,4,24,0,0,0,2.62,2.00,OF
513,Cesár Ramos,29,TBR,48,0,0,67.1,15,7,8,0,0,1.000,,,0,0,1,2.00,0.31,P
514,Clay Rapada,32,CLE,4,0,0,2.0,1,1,0,0,0,1.000,,,0,0,0,4.50,0.25,P
515,Colby Rasmus,26,TOR,114,111,109,1002.2,313,308,1,4,1,.987,-3,-4,12,14,2,2.77,2.71,OF
516,Cory Rasmus,25,LAA,16,0,0,15.0,1,0,1,0,0,1.000,,,0,0,0,0.60,0.06,P
517,Josh Reddick,26,OAK,113,108,101,966.1,258,244,9,5,3,.981,12,15,16,19,3,2.36,2.24,OF
518,Todd Redmond,28,TOR,17,14,0,77.0,10,2,7,1,1,.900,,,0,0,0,1.05,0.53,P
519,Addison Reed,24,CHW,68,0,0,71.1,11,6,5,0,0,1.000,,,-3,-8,0,1.39,0.16,P
520,Evan Reed,27,DET,16,0,0,23.1,11,2,6,3,0,.727,,,0,0,0,3.09,0.50,P
521,Nolan Reimold,29,BAL,11,11,8,90.0,26,24,2,0,1,1.000,-3,-41,-4,-53,0,2.60,2.36,OF
522,Chris Resop,30,OAK,18,0,0,18.0,2,1,1,0,0,1.000,,,-2,-22,0,1.00,0.11,P
523,José Reyes,30,TOR,92,92,86,793.0,344,95,240,9,51,.974,-5,-7,-4,-6,1,3.80,3.64,SS
524,Mark Reynolds,29,TOT,114,105,82,918.2,633,534,88,11,60,.983,-4,-6,-11,-14,-1,6.09,5.14,1B-3B-2B
525,Garrett Richards,25,LAA,47,17,1,145.0,39,16,21,2,1,.949,,,0,0,0,2.30,0.79,P
Rk,Name,Age,Tm,G,GS,CG,Inn,Ch,PO,A,E,DP,Fld%,Rtot,Rtot/yr,Rdrs,Rdrs/yr,Rgood,RF/9,RF/G,Pos Summary
526,André Rienzo,24,CHW,10,10,0,56.0,19,8,10,1,1,.947,,,0,0,-1,2.89,1.80,P
527,Alex Rios,32,TOT,155,155,141,1366.0,339,327,9,3,1,.991,5,4,-4,-3,2,2.21,2.17,OF
528,Mariano Rivera,43,NYY,64,0,0,64.0,17,5,12,0,0,1.000,,,2,6,0,2.39,0.27,P
529,Brian Roberts,35,BAL,60,60,56,540.1,301,110,190,1,43,.997,7,16,-2,-4,0,5.00,5.00,2B
530,Ryan Roberts,32,TBR,55,36,28,345.2,154,51,99,4,20,.974,0,-1,-1,-3,0,3.91,2.50,2B-3B-1B
531,David Robertson,28,NYY,70,0,0,66.1,8,4,4,0,0,1.000,,,-2,-6,0,1.09,0.11,P
532,Tyler Robertson,25,MIN,2,0,0,1.0,0,0,0,0,0,,,,0,0,,0.00,0.00,P
533,Fernando Rodney,36,TBR,68,0,0,66.2,13,4,7,2,1,.846,,,-1,-3,0,1.49,0.16,P
534,Alex Rodriguez,37,NYY,27,27,23,233.0,75,22,52,1,9,.987,-4,-22,-6,-31,-1,2.86,2.74,3B
535,Francisco Rodríguez,31,BAL,23,0,0,22.0,3,1,2,0,0,1.000,,,-1,-9,0,1.23,0.13,P
536,Sean Rodríguez,28,TBR,85,56,15,463.0,202,184,17,1,13,.995,2,4,5,12,0,3.91,2.26,OF-1B-SS-2B
537,Josh Roenicke,30,MIN,63,0,0,62.0,14,4,10,0,0,1.000,,,1,3,0,2.03,0.22,P
538,Esmil Rogers,27,TOR,44,20,0,137.2,27,11,16,0,2,1.000,,,1,1,0,1.77,0.61,P
539,Enny Romero,22,TBR,1,1,0,4.2,1,0,1,0,1,1.000,,,0,0,0,1.93,1.00,P
540,Ricky Romero,28,TOR,4,2,0,7.1,2,0,2,0,0,1.000,,,0,0,0,2.45,0.50,P
541,Andrew Romine,27,LAA,44,30,28,307.2,121,39,78,4,16,.967,2,9,2,8,-1,3.42,2.60,3B-SS-2B
542,Austin Romine,24,NYY,59,43,33,394.1,342,315,24,3,1,.991,-2,-6,-3,-9,0,7.74,5.75,C
543,Bruce Rondón,22,DET,30,0,0,28.2,3,1,1,1,0,.667,,,-2,-14,0,0.63,0.07,P
544,Adam Rosales,30,TOT,61,35,29,355.0,189,61,121,7,16,.963,2,8,-2,-6,0,4.61,2.89,SS-2B-3B-1B-OF
545,David Ross,36,BOS,36,33,26,286.0,302,288,13,1,2,.997,4,17,6,25,1,9.47,8.36,C
546,Robbie Ross,24,TEX,65,0,0,62.1,15,5,10,0,0,1.000,,,2,6,0,2.17,0.23,P
547,Michael Roth,23,LAA,15,1,0,20.0,6,2,4,0,0,1.000,,,0,0,0,2.70,0.40,P
548,Chance Ruffin,24,SEA,9,0,0,9.2,0,0,0,0,0,,,,0,0,,0.00,0.00,P
549,Brendan Ryan,31,TOT,101,96,81,854.0,424,111,301,12,64,.972,4,5,5,7,2,4.34,4.08,SS
550,Marc Rzepczynski,27,CLE,27,0,0,20.1,2,1,1,0,0,1.000,,,0,0,0,0.89,0.07,P
Rk,Name,Age,Tm,G,GS,CG,Inn,Ch,PO,A,E,DP,Fld%,Rtot,Rtot/yr,Rdrs,Rdrs/yr,Rgood,RF/9,RF/G,Pos Summary
551,CC Sabathia,32,NYY,32,32,2,211.0,33,1,30,2,2,.939,,,1,1,-2,1.32,0.97,P
552,Danny Salazar,23,CLE,10,10,0,52.0,5,3,2,0,1,1.000,,,-1,-4,0,0.87,0.50,P
553,Chris Sale,24,CHW,30,30,4,214.1,25,5,19,1,1,.960,,,-4,-4,0,1.01,0.80,P
554,Jarrod Saltalamacchia,28,BOS,119,111,106,1004.0,960,908,46,6,4,.994,-3,-4,-4,-5,1,8.55,8.02,C
555,Angel Sanchez,29,CHW,1,0,0,3.1,1,0,1,0,0,1.000,0,-108,0,0,0,2.70,1.00,2B
556,Aníbal Sánchez,29,DET,29,29,1,182.0,37,17,19,1,0,.973,,,-5,-5,0,1.78,1.24,P
557,Carlos Santana,27,CLE,108,105,90,927.2,926,879,42,5,31,.995,-6,-7,-19,-25,-5,8.94,8.15,C-1B
558,Ervin Santana,30,KCR,32,32,0,211.0,42,22,19,1,2,.976,,,-1,-1,0,1.75,1.28,P
559,Héctor Santiago,25,CHW,34,23,0,149.0,26,8,17,1,0,.962,,,6,8,1,1.51,0.74,P
560,Ramon Santiago,33,DET,79,56,43,552.2,240,80,158,2,27,.992,1,3,4,9,1,3.88,2.74,2B-SS-3B
561,Omir Santos,32,CLE,1,0,0,3.0,2,2,0,0,0,1.000,0,0,0,0,0,6.00,2.00,C
562,Sergio Santos,29,TOR,29,0,0,25.2,4,1,3,0,1,1.000,,,0,0,0,1.40,0.14,P
563,Joe Saunders,32,SEA,32,32,2,183.0,44,8,35,1,3,.977,,,0,0,0,2.11,1.34,P
564,Michael Saunders,26,SEA,126,109,93,998.1,263,255,7,1,2,.996,-10,-13,-10,-12,0,2.36,2.08,OF
565,Tanner Scheppers,26,TEX,76,0,0,76.2,17,7,8,2,1,.882,,,2,5,-1,1.76,0.20,P
566,Max Scherzer,28,DET,32,32,0,214.1,41,17,21,3,0,.927,,,0,0,1,1.60,1.19,P
567,Jonathan Schoop,21,BAL,4,4,4,36.0,21,8,12,1,4,.952,-2,-50,-1,-33,1,5.00,5.00,2B
568,Luke Scott,35,TBR,11,2,1,33.0,18,17,0,1,0,.944,0,-7,-2,-72,0,4.64,1.55,OF-1B
569,Evan Scribner,27,OAK,18,0,0,26.2,1,1,0,0,0,1.000,,,-2,-15,0,0.34,0.06,P
570,Kyle Seager,25,SEA,160,158,154,1425.0,417,94,308,15,38,.964,-3,-2,-8,-7,0,2.54,2.51,3B
571,Marcus Semien,22,CHW,21,17,14,162.0,66,13,50,3,2,.955,1,9,4,30,0,3.50,2.74,3B-SS-2B
572,Bryan Shaw,25,CLE,70,0,0,75.0,11,4,5,2,0,.818,,,-2,-5,0,1.08,0.13,P
573,James Shields,31,KCR,34,34,2,228.2,35,11,21,3,2,.914,,,1,1,-1,1.26,0.94,P
574,Matt Shoemaker,26,LAA,1,1,0,5.0,1,0,1,0,0,1.000,,,1,40,0,1.80,1.00,P
575,Kelly Shoppach,33,TOT,36,32,31,295.0,281,265,14,2,0,.993,-1,-4,-7,-28,-3,8.51,7.75,C
Rk,Name,Age,Tm,G,GS,CG,Inn,Ch,PO,A,E,DP,Fld%,Rtot,Rtot/yr,Rdrs,Rdrs/yr,Rgood,RF/9,RF/G,Pos Summary
576,JB Shuck,26,LAA,103,92,60,807.2,167,158,7,2,0,.988,-5,-8,-1,-1,2,1.84,1.60,OF
577,Moisés Sierra,24,TOR,31,28,22,238.2,59,57,0,2,0,.966,2,9,0,0,-1,2.15,1.84,OF
578,Scott Sizemore,28,OAK,2,2,1,12.0,6,4,2,0,2,1.000,-2,-220,-2,-200,0,4.50,3.00,2B
579,Joe Smith,29,CLE,70,0,0,63.0,17,2,14,1,1,.941,,,-1,-3,-1,2.29,0.23,P
580,Seth Smith,30,OAK,58,51,39,447.1,115,114,1,0,0,1.000,-3,-9,0,0,1,2.31,1.98,OF
581,Will Smith,23,KCR,19,1,0,33.1,7,2,4,1,1,.857,,,-1,-6,0,1.62,0.32,P
582,Justin Smoak,26,SEA,125,121,116,1084.1,1100,1035,60,5,101,.995,-7,-7,-7,-8,-1,9.09,8.76,1B
583,Drew Smyly,24,DET,63,0,0,76.0,12,6,6,0,0,1.000,,,-1,-3,0,1.42,0.19,P
584,Brandon Snyder,26,BOS,24,11,6,119.1,49,23,25,1,7,.980,1,7,-1,-10,-1,3.62,2.00,3B-1B-OF
585,Chris Snyder,32,BAL,8,6,4,55.0,44,39,5,0,2,1.000,1,22,3,65,0,7.20,5.50,C
586,Eric Sogard,27,OAK,126,110,89,977.2,529,234,286,9,70,.983,3,4,-1,-1,2,4.79,4.06,2B-SS
587,Joakim Soria,29,TEX,26,0,0,23.2,2,1,1,0,0,1.000,,,-2,-17,0,0.76,0.08,P
588,Alfonso Soriano,37,NYY,48,48,45,416.2,112,106,5,1,2,.991,5,14,5,14,2,2.40,2.31,OF
589,Geovany Soto,30,TEX,54,49,41,432.1,424,395,27,2,3,.995,1,3,4,11,0,8.78,7.81,C-3B
590,Daniel Stange,27,LAA,3,0,0,1.2,0,0,0,0,0,,,,0,0,,0.00,0.00,P
591,Max Stassi,22,HOU,1,0,0,3.0,2,1,1,0,0,1.000,0,0,0,0,0,6.00,2.00,C
592,Chris Stewart,31,NYY,109,98,75,848.1,802,745,55,2,8,.998,3,4,9,13,2,8.49,7.27,C-1B
593,Josh Stinson,25,BAL,11,1,0,17.0,4,3,1,0,0,1.000,,,0,0,0,2.12,0.36,P
594,Mickey Storey,27,TOR,3,0,0,4.0,0,0,0,0,0,,,,0,0,,0.00,0.00,P
595,Dan Straily,24,OAK,27,27,0,152.1,16,8,8,0,0,1.000,,,-1,-1,0,0.95,0.59,P
596,Pedro Strop,28,BAL,29,0,0,22.1,4,1,3,0,0,1.000,,,-1,-9,0,1.61,0.14,P
597,Drew Stubbs,28,CLE,142,124,111,1124.0,270,258,6,6,1,.978,-10,-10,-6,-6,-1,2.11,1.86,OF
598,Jesús Sucre,25,SEA,8,8,7,71.0,66,60,6,0,1,1.000,0,0,1,17,0,8.37,8.25,C
599,Ichiro Suzuki,39,NYY,138,126,107,1133.1,262,254,5,3,0,.989,5,5,14,14,4,2.06,1.88,OF
600,Kurt Suzuki,29,OAK,15,9,9,89.0,71,65,5,1,0,.986,-1,-13,-2,-27,0,7.08,4.67,C
Rk,Name,Age,Tm,G,GS,CG,Inn,Ch,PO,A,E,DP,Fld%,Rtot,Rtot/yr,Rdrs,Rdrs/yr,Rgood,RF/9,RF/G,Pos Summary
601,Anthony Swarzak,27,MIN,48,0,0,96.0,16,6,9,1,1,.938,,,0,0,0,1.41,0.31,P
602,Nick Swisher,32,CLE,127,127,108,1109.1,952,853,90,9,71,.991,9,10,7,7,2,7.65,6.78,1B-OF
603,Michael Taylor,27,OAK,8,6,1,53.0,12,12,0,0,0,1.000,-3,-70,-2,-45,0,2.04,1.50,OF
604,Junichi Tazawa,27,BOS,71,0,0,68.1,8,2,6,0,1,1.000,,,0,0,0,1.05,0.11,P
605,Everett Teaford,29,KCR,1,0,0,0.2,0,0,0,0,0,,,,0,0,,0.00,0.00,P
606,Taylor Teagarden,29,BAL,23,18,14,162.0,118,108,9,1,0,.992,0,0,-1,-7,0,6.50,5.09,C
607,Mark Teixeira,33,NYY,14,14,13,121.1,108,100,8,0,9,1.000,0,3,0,0,0,8.01,7.71,1B
608,Miguel Tejada,39,KCR,48,41,22,343.1,122,43,77,2,11,.984,-7,-23,-1,-3,1,3.15,2.45,2B-3B-1B
609,Blake Tekotte,26,CHW,16,9,7,92.1,21,21,0,0,0,1.000,2,23,0,0,0,2.05,1.31,OF
610,Nick Tepesch,24,TEX,19,17,0,93.0,16,10,6,0,0,1.000,,,-1,-2,0,1.55,0.84,P
611,Caleb Thielbar,26,MIN,49,0,0,46.0,6,3,3,0,0,1.000,,,0,0,0,1.17,0.12,P
612,Josh Thole,26,TOR,41,34,23,296.2,278,262,13,3,2,.989,-2,-10,-4,-16,-2,8.34,6.71,C-1B
613,Clete Thomas,29,MIN,86,79,77,727.1,221,212,6,3,1,.986,-2,-2,4,6,2,2.70,2.53,OF
614,Matt Thornton,36,TOT,60,0,0,43.1,11,3,6,2,0,.818,,,1,27,0,1.87,0.15,P
615,Chris Tillman,25,BAL,33,33,1,206.1,26,8,18,0,1,1.000,,,3,3,0,1.13,0.79,P
616,Josh Tomlin,28,CLE,1,0,0,2.0,0,0,0,0,0,,,,0,0,,0.00,0.00,P
617,Michael Tonkin,23,MIN,9,0,0,11.1,2,0,2,0,1,1.000,,,0,0,0,1.59,0.22,P
618,Alex Torres,25,TBR,39,0,0,58.0,12,2,9,1,0,.917,,,1,3,0,1.71,0.28,P
619,Carlos Triunfel,23,SEA,14,13,10,111.0,48,17,29,2,8,.958,-3,-35,-3,-32,0,3.73,3.07,SS-2B-3B
620,Ramon Troncoso,30,CHW,29,0,0,30.0,11,3,6,2,0,.818,,,0,0,0,2.70,0.31,P
621,Mike Trout,21,LAA,148,148,130,1308.2,361,359,0,2,0,.994,6,6,-13,-11,-2,2.47,2.43,OF
622,Mark Trumbo,27,LAA,143,138,124,1234.0,1054,965,80,9,87,.991,3,3,-3,-2,-4,7.62,6.92,1B-OF-3B
623,Matt Tuiasosopo,27,DET,76,47,13,397.2,127,124,2,1,3,.992,-3,-8,-3,-9,-2,2.85,1.64,OF-1B-3B
624,Koji Uehara,38,BOS,73,0,0,74.1,9,2,7,0,0,1.000,,,0,0,0,1.09,0.12,P
625,Henry Urrutia,26,BAL,2,0,0,3.0,0,0,0,0,0,,0,-120,0,0,0,0.00,0.00,OF
Rk,Name,Age,Tm,G,GS,CG,Inn,Ch,PO,A,E,DP,Fld%,Rtot,Rtot/yr,Rdrs,Rdrs/yr,Rgood,RF/9,RF/G,Pos Summary
626,Danny Valencia,28,BAL,6,3,2,29.0,4,2,2,0,1,1.000,-1,-29,-1,-41,0,1.24,0.67,3B
627,Jose Valverde,35,DET,20,0,0,19.1,1,0,1,0,0,1.000,,,-1,-10,0,0.47,0.05,P
628,Jason Vargas,30,LAA,24,24,3,150.0,27,7,19,1,2,.963,,,-1,-1,1,1.56,1.08,P
629,Donnie Veal,28,CHW,50,0,0,29.1,4,1,2,1,0,.750,,,-1,-7,0,0.92,0.06,P
630,Yordano Ventura,22,KCR,3,3,0,15.1,4,1,2,1,2,.750,,,1,13,0,1.76,1.00,P
631,Jose Veras,32,TOT,67,0,0,62.2,13,6,7,0,0,1.000,,,-1,-19,0,1.87,0.19,P
632,Justin Verlander,30,DET,34,34,0,218.1,38,19,17,2,5,.947,,,-1,-1,0,1.48,1.06,P
633,Dayán Viciedo,24,CHW,109,109,63,892.2,164,147,12,5,0,.970,-6,-8,-2,-2,3,1.60,1.46,OF
634,Shane Victorino,32,BOS,122,117,97,1021.1,309,296,10,3,3,.990,18,21,22,25,1,2.70,2.51,OF
635,Jonathan Villar,22,HOU,58,57,55,499.0,252,95,141,16,38,.937,-8,-19,-8,-19,-3,4.26,4.07,SS
636,Brayan Villarreal,26,TOT,8,0,0,4.1,2,0,2,0,1,1.000,,,0,0,0,4.15,0.25,P
637,Stephen Vogt,28,OAK,44,40,28,335.2,314,299,14,1,2,.997,1,4,0,0,0,8.39,7.11,C
638,Neil Wagner,29,TOR,36,0,0,38.0,7,0,7,0,2,1.000,,,0,0,0,1.66,0.19,P
639,Taijuan Walker,20,SEA,3,3,0,15.0,1,0,1,0,0,1.000,,,0,0,0,0.60,0.33,P
640,Brett Wallace,26,HOU,70,65,53,561.2,512,456,52,4,56,.992,-4,-8,-3,-6,0,8.14,7.26,1B-3B
641,P.J. Walters,28,MIN,8,8,0,39.1,7,3,4,0,0,1.000,,,-1,-5,0,1.60,0.88,P
642,Chien-Ming Wang,33,TOR,6,6,0,27.0,11,3,8,0,2,1.000,,,0,0,0,3.67,1.83,P
643,Adam Warren,25,NYY,34,2,0,77.0,16,4,12,0,1,1.000,,,1,3,0,1.87,0.47,P
644,Jered Weaver,30,LAA,24,24,0,154.1,12,6,5,1,1,.917,,,-4,-5,0,0.64,0.46,P
645,Daniel Webb,23,CHW,9,0,0,11.1,0,0,0,0,0,,,,0,0,,0.00,0.00,P
646,Thad Weber,28,TOR,5,0,0,6.0,4,2,1,1,0,.750,,,0,0,0,4.50,0.60,P
647,Allen Webster,23,BOS,8,7,0,30.1,5,3,2,0,0,1.000,,,-1,-7,0,1.48,0.63,P
648,Jemile Weeks,26,OAK,5,1,0,21.0,13,7,6,0,1,1.000,1,51,0,0,0,5.57,2.17,2B-OF
649,Casper Wells,28,TOT,27,13,12,146.2,34,32,1,1,1,.971,-1,-11,4,32,2,2.03,1.22,OF-P
650,Vernon Wells,34,NYY,98,88,75,789.1,192,183,9,0,1,1.000,-2,-3,1,1,0,2.19,1.94,OF-1B-3B-2B
Rk,Name,Age,Tm,G,GS,CG,Inn,Ch,PO,A,E,DP,Fld%,Rtot,Rtot/yr,Rdrs,Rdrs/yr,Rgood,RF/9,RF/G,Pos Summary
651,Matt Wieters,27,BAL,140,134,127,1201.0,1082,1021,58,3,6,.997,10,10,-10,-10,2,8.09,7.71,C
652,Tom Wilhelmsen,29,SEA,59,0,0,59.0,10,3,6,1,0,.900,,,-2,-7,0,1.37,0.15,P
653,Jerome Williams,31,LAA,37,25,0,169.1,32,15,16,1,0,.969,,,1,1,0,1.65,0.84,P
654,Josh Willingham,34,MIN,72,71,56,607.2,131,125,5,1,1,.992,-6,-11,-5,-9,2,1.93,1.81,OF
655,Alex Wilson,26,BOS,26,0,0,27.2,7,1,6,0,1,1.000,,,2,14,0,2.28,0.27,P
656,C.J. Wilson,32,LAA,33,33,0,212.1,34,9,24,1,1,.971,,,1,1,0,1.40,1.00,P
657,Dewayne Wise,35,CHW,26,15,13,149.0,52,51,0,1,0,.981,-3,-23,-1,-8,0,3.08,1.96,OF
658,Ross Wolf,30,TEX,22,3,0,47.2,13,7,5,1,3,.923,,,-1,-4,0,2.27,0.55,P
659,Blake Wood,27,CLE,2,0,0,1.1,0,0,0,0,0,,,,0,0,,0.00,0.00,P
660,Brandon Workman,24,BOS,20,3,0,41.2,1,0,1,0,0,1.000,,,-2,-10,0,0.22,0.05,P
661,Vance Worley,25,MIN,10,10,0,48.2,14,2,11,1,1,.929,,,2,8,0,2.40,1.30,P
662,Danny Worth,27,DET,2,0,0,6.0,4,0,3,1,0,.750,-2,-300,0,0,0,4.50,1.50,3B
663,Jamey Wright,38,TBR,66,1,0,70.0,21,8,13,0,2,1.000,,,-1,-3,0,2.70,0.32,P
664,Steven Wright,28,BOS,4,1,0,13.1,1,0,1,0,0,1.000,,,0,0,0,0.68,0.25,P
665,Wesley Wright,28,TOT,70,0,0,53.2,12,2,10,0,0,1.000,,,0,0,0,2.01,0.17,P
666,Kevin Youkilis,34,NYY,26,26,22,231.1,86,57,26,3,2,.965,-4,-23,-4,-21,0,3.23,2.96,3B-1B
667,Chris Young,29,OAK,96,78,67,739.1,244,240,2,2,0,.992,-3,-4,-8,-12,-1,2.95,2.52,OF
668,Delmon Young,27,TBR,1,0,0,1.0,0,0,0,0,0,,0,-120,0,0,0,0.00,0.00,OF
669,Mike Zagurski,30,NYY,1,0,0,0.1,0,0,0,0,0,,,,0,0,,0.00,0.00,P
670,Josh Zeid,26,HOU,25,0,0,27.2,8,2,5,1,0,.875,,,0,0,0,2.28,0.28,P
671,Ben Zobrist,32,TBR,155,154,115,1376.2,656,278,373,5,79,.992,-6,-5,9,7,3,4.26,3.46,2B-OF-SS
672,Mike Zunino,22,SEA,50,48,44,429.2,387,363,22,2,1,.995,-4,-11,1,3,-3,8.06,7.70,C
